1	1
2	2
3	4
4	3
5	1
6	2
7	3
8	3
9	3
10	3
11	3
12	4
13	1
14	4
15	1
16	3
17	1
18	4
19	4
20	4
21	2
22	1
23	3
24	4
25	2
26	1
27	1
28	2
29	1
30	4
31	2
32	4
33	3
34	3
35	1
36	1
37	1
38	2
39	1
40	2
41	2
42	3
43	1
44	2
45	3
46	3
47	4
48	2
49	2
50	4
51	2
52	2
53	4
54	3
55	2
56	4
57	1
58	1
59	4
60	2
61	1
62	3
63	4
64	2
65	1
66	1
67	2
68	3
69	2
70	2
71	2
72	1
73	4
74	4
75	1
76	1
77	1
78	1
79	2
80	4
81	4
82	2
83	3
84	3
85	4
86	3
87	4
88	4
89	3
90	4
91	4
92	3
93	2
94	1
95	4
96	2
97	4
98	2
99	3
100	3
101	2
102	4
103	4
104	2
105	4
106	1
107	1
108	3
109	4
110	2
111	1
112	3
113	1
114	2
115	2
116	1
117	2
118	2
119	3
120	3
121	3
122	2
123	2
124	2
125	3
126	2
127	1
128	1
129	2
130	4
131	3
132	4
133	4
134	1
135	2
136	4
137	1
138	2
139	1
140	3
141	1
142	2
143	3
144	4
145	3
146	4
147	1
148	2
149	1
150	1
151	1
152	4
153	2
154	3
155	2
156	2
157	4
158	2
159	4
160	4
161	2
162	4
163	1
164	1
165	3
166	2
167	3
168	3
169	4
170	4
171	2
172	2
173	4
174	1
175	4
176	4
177	3
178	1
179	2
180	1
181	1
182	1
183	1
184	1
185	1
186	2
187	1
188	3
189	3
190	1
191	4
192	1
193	1
194	3
195	1
196	1
197	1
198	2
199	1
200	1
201	2
202	2
203	2
204	4
205	3
206	1
207	4
208	4
209	2
210	2
211	3
212	4
213	4
214	4
215	3
216	3
217	4
218	2
219	4
220	3
221	1
222	2
223	2
224	3
225	3
226	2
227	1
228	2
229	3
230	4
231	4
232	1
233	4
234	4
235	2
236	3
237	4
238	2
239	4
240	2
241	3
242	2
243	4
244	4
245	1
246	1
247	2
248	2
249	4
250	1
251	4
252	2
253	2
254	1
255	2
256	4
257	3
258	1
259	2
260	2
261	4
262	2
263	3
264	4
265	1
266	4
267	2
268	2
269	3
270	1
271	1
272	1
273	1
274	2
275	4
276	2
277	2
278	2
279	4
280	1
281	3
282	4
283	3
284	4
285	3
286	2
287	3
288	3
289	2
290	4
291	1
292	2
293	1
294	2
295	3
296	3
297	2
298	3
299	3
300	4
301	1
302	3
303	1
304	4
305	4
306	4
307	3
308	4
309	3
310	4
311	1
312	1
313	1
314	3
315	3
316	4
317	1
318	4
319	2
320	1
321	3
322	1
323	2
324	1
325	2
326	2
327	3
328	1
329	1
330	3
331	1
332	2
333	3
334	1
335	3
336	2
337	1
338	3
339	2
340	4
341	1
342	1
343	4
344	2
345	4
346	2
347	4
348	2
349	4
350	4
351	1
352	4
353	2
354	4
355	1
356	3
357	3
358	1
359	2
360	3
361	2
362	4
363	1
364	1
365	4
366	1
367	4
368	3
369	2
370	1
371	3
372	1
373	2
374	4
375	2
376	3
377	2
378	2
379	2
380	3
381	1
382	1
383	4
384	1
385	2
386	2
387	4
388	4
389	2
390	1
391	1
392	4
393	3
394	1
395	4
396	3
397	2
398	4
399	3
400	2
401	1
402	4
403	4
404	1
405	2
406	4
407	4
408	4
409	4
410	3
411	4
412	1
413	1
414	1
415	2
416	1
417	3
418	1
419	1
420	4
421	1
422	1
423	3
424	4
425	2
426	4
427	1
428	3
429	2
430	2
431	1
432	2
433	3
434	4
435	3
436	1
437	1
438	1
439	4
440	3
441	1
442	1
443	3
444	4
445	3
446	1
447	3
448	2
449	1
450	1
451	1
452	2
453	1
454	2
455	1
456	2
457	1
458	3
459	2
460	4
461	1
462	1
463	4
464	2
465	2
466	3
467	2
468	2
469	4
470	1
471	4
472	4
473	4
474	3
475	3
476	3
477	3
478	1
479	1
480	3
481	4
482	1
483	1
484	1
485	2
486	2
487	1
488	3
489	2
490	2
491	1
492	2
493	4
494	1
495	2
496	4
497	1
498	2
499	1
500	2
501	3
502	2
503	1
504	3
505	4
506	4
507	2
508	2
509	1
510	1
511	3
512	3
513	3
514	2
515	4
516	1
517	1
518	2
519	2
520	3
521	3
522	2
523	3
524	1
525	4
526	3
527	1
528	1
529	2
530	1
531	1
532	1
533	1
534	3
535	1
536	4
537	1
538	1
539	4
540	1
541	2
542	2
543	3
544	3
545	4
546	2
547	1
548	2
549	2
550	2
551	3
552	3
553	2
554	2
555	2
556	2
557	1
558	1
559	4
560	4
561	4
562	4
563	3
564	2
565	2
566	1
567	4
568	2
569	2
570	2
571	2
572	4
573	1
574	3
575	1
576	3
577	2
578	1
579	2
580	1
581	2
582	4
583	1
584	1
585	2
586	3
587	4
588	4
589	4
590	3
591	4
592	2
593	4
594	3
595	1
596	4
597	2
598	2
599	3
600	4
601	4
602	2
603	1
604	1
605	2
606	4
607	3
608	4
609	3
610	4
611	1
612	3
613	3
614	2
615	3
616	3
617	2
618	4
619	4
620	3
621	3
622	2
623	3
624	4
625	2
626	1
627	2
628	3
629	2
630	1
631	2
632	1
633	1
634	3
635	1
636	1
637	4
638	2
639	1
640	3
641	2
642	3
643	4
644	4
645	2
646	1
647	3
648	2
649	1
650	2
651	1
652	3
653	1
654	4
655	3
656	1
657	1
658	1
659	1
660	2
661	4
662	2
663	4
664	2
665	4
666	3
667	3
668	1
669	2
670	2
671	2
672	4
673	3
674	1
675	1
676	2
677	4
678	1
679	3
680	1
681	3
682	4
683	2
684	3
685	4
686	3
687	1
688	1
689	1
690	1
691	1
692	3
693	3
694	1
695	1
696	3
697	2
698	3
699	3
700	2
701	2
702	1
703	3
704	1
705	2
706	3
707	2
708	1
709	4
710	1
711	4
712	1
713	1
714	4
715	1
716	4
717	1
718	2
719	3
720	4
721	2
722	4
723	3
724	2
725	2
726	1
727	1
728	3
729	4
730	2
731	1
732	1
733	3
734	3
735	2
736	2
737	4
738	1
739	2
740	4
741	3
742	2
743	1
744	2
745	1
746	1
747	4
748	3
749	2
750	4
751	3
752	3
753	3
754	3
755	1
756	3
757	4
758	1
759	4
760	4
761	2
762	1
763	4
764	2
765	2
766	3
767	4
768	2
769	1
770	1
771	2
772	4
773	1
774	3
775	2
776	4
777	1
778	4
779	4
780	2
781	4
782	2
783	2
784	1
785	3
786	3
787	4
788	2
789	1
790	3
791	1
792	1
793	2
794	1
795	4
796	1
797	1
798	3
799	2
800	1
801	2
802	4
803	2
804	2
805	2
806	1
807	3
