0.3900393980779434	0.4583557219224885	0.151604879999568	0.0	-0.09750984951948585	1
0.08164236675758395	0.9183576332424161	0.0	0.0	-0.02041059168939599	2
0.0	0.0	0.07795115928584057	0.9220488407141594	0.23051221017853984	3
0.0	0.0	0.966136940732567	0.03386305926743317	0.008465764816858318	4
0.6802916488091495	0.31970835119085045	0.0	0.0	-0.17007291220228737	5
0.21370046309821863	0.7862995369017813	0.0	0.0	-0.053425115774554666	6
0.0	0.0	0.1618657975211731	0.8381342024788269	0.20953355061970672	7
0.0	0.0	0.9555836379882909	0.04441636201170901	0.011104090502927266	8
0.0	0.011534911798656509	0.8425190739933975	0.14594601420794592	0.03648650355198649	9
0.0	0.07827288673404895	0.9217271132659508	3.649012351568872e-16	8.326672684688674e-17	10
0.0	0.0	0.8029980501803913	0.1970019498196087	0.04925048745490218	11
0.0	0.0	0.28457926154743435	0.7154207384525656	0.17885518461314143	12
0.6714144578684852	0.3285855421315147	0.0	0.0	-0.1678536144671213	13
0.0	0.02499730722105316	0.1524773869653958	0.822525305813551	0.20563132645338775	14
0.9237843694721009	0.07621563052789916	0.0	0.0	-0.2309460923680252	15
0.0	0.0	0.9075774577277043	0.0924225422722958	0.023105635568073934	16
0.9024539634165303	0.09754603658346975	0.0	0.0	-0.22561349085413257	17
0.0	0.0	0.0	1.0	0.25	18
0.0	0.0	1.0	0.0	0.0	19
0.0	0.0	0.22751688871989162	0.7724831112801084	0.1931207778200271	20
0.529475961264904	0.4705240387350959	0.0	0.0	-0.132368990316226	21
0.7395043096969003	0.24731002004568736	0.0	0.013185670257412251	-0.181579659859872	22
0.0	0.0	0.9999999999999999	1.6565559150693643e-16	2.7755575615628914e-17	23
0.0	0.06682655018666595	0.3489445746653156	0.5842288751480185	0.14605721878700462	24
0.8355216465046311	0.1644783534953689	0.0	0.0	-0.20888041162615778	25
0.9680593707845457	0.03194062921545432	0.0	0.0	-0.24201484269613643	26
0.6545013887738493	0.34549861122615066	0.0	0.0	-0.16362534719346233	27
0.0	0.8658521333091138	0.09231364367944267	0.041834223011443426	0.010458555752860872	28
0.9950052794691437	0.0	0.0	0.004994720530856188	-0.2475026397345719	29
0.0	0.0	0.18344783097792716	0.8165521690220728	0.2041380422555182	30
0.2060366392473568	0.7939633607526432	0.0	0.0	-0.051509159811839206	31
0.0	0.0	0.008620516173864596	0.9913794838261354	0.24784487095653385	32
0.0	0.0	0.36626197014702516	0.6337380298529749	0.15843450746324372	33
0.0	0.0	0.3972902655658482	0.6027097344341519	0.15067743360853797	34
0.8072082584729945	0.19279174152700554	0.0	0.0	-0.20180206461824862	35
0.9757215384284388	0.024278461571561213	0.0	0.0	-0.2439303846071097	36
0.8485861841666323	0.1514138158333677	0.0	0.0	-0.21214654604165809	37
0.3652723636522459	0.6347276363477542	0.0	0.0	-0.09131809091306148	38
0.6238624802847802	0.3761375197152198	0.0	0.0	-0.15596562007119505	39
0.0	1.0	0.0	0.0	0.0	40
0.0	1.0	0.0	0.0	0.0	41
0.0	0.0	0.7201770804641665	0.2798229195358335	0.06995572988395837	42
1.0	0.0	0.0	0.0	-0.25	43
0.0	0.8834990347908438	0.0	0.11650096520915626	0.029125241302289065	44
0.0	0.0	0.8815381444544641	0.11846185554553594	0.029615463886383975	45
0.0	0.0	0.9238336911923156	0.07616630880768444	0.019041577201921095	46
0.0	0.0	0.2921335266190329	0.7078664733809671	0.17696661834524177	47
0.1274427998629234	0.8725572001370765	0.0	0.0	-0.03186069996573085	48
0.13092338089618025	0.8690766191038197	0.0	0.0	-0.03273084522404507	49
0.0	0.0	0.27827172319164606	0.721728276808354	0.18043206920208849	50
0.6768170961464063	0.3231829038535937	0.0	0.0	-0.16920427403660157	51
0.0	1.0	0.0	0.0	0.0	52
0.0	0.0	0.4631612234826863	0.5368387765173138	0.13420969412932843	53
0.0	0.0	0.5633935736135534	0.43660642638644676	0.10915160659661166	54
0.9936093656325486	0.0063906343674513776	0.0	0.0	-0.24840234140813716	55
0.0	0.0	0.31678486536018574	0.6832151346398142	0.17080378365995358	56
0.6031139267425624	0.3318218928469943	0.06506418041044328	0.0	-0.1507784816856406	57
0.8398450540513674	0.1601549459486326	0.0	0.0	-0.2099612635128419	58
0.0	0.0	0.07382722259218034	0.9261727774078196	0.2315431943519549	59
0.7488999514396406	0.25110004856035933	0.0	0.0	-0.18722498785991015	60
0.9044515092360892	0.09554849076391084	0.0	0.0	-0.2261128773090223	61
0.0	0.0	0.918109455534992	0.08189054446500807	0.020472636116251997	62
0.0	0.0	0.7258443500003569	0.27415564999964315	0.06853891249991079	63
0.06550776747110676	0.9344922325288932	0.0	0.0	-0.01637694186777669	64
0.8844540194459016	0.1155459805540983	0.0	0.0	-0.2211135048614754	65
0.24127465192334532	0.7587253480766547	0.0	0.0	-0.060318662980836324	66
0.0	1.0	0.0	0.0	0.0	67
0.0	0.0	0.9563875516592406	0.04361244834075939	0.010903112085189848	68
0.0	0.7019800296832169	0.0	0.29801997031678307	0.07450499257919577	69
0.0	1.0	0.0	0.0	0.0	70
0.0	1.0	0.0	0.0	0.0	71
0.8605951894861082	0.1394048105138917	0.0	0.0	-0.21514879737152703	72
0.0	0.06340080025239932	0.14302385412620278	0.793575345621398	0.1983938364053495	73
0.0	0.0	0.0	1.0	0.25	74
1.0	0.0	0.0	0.0	-0.25	75
0.9719848981807817	0.028015101819218267	0.0	0.0	-0.24299622454519543	76
0.7610739384650264	0.23892606153497367	0.0	0.0	-0.1902684846162566	77
0.6535388538451452	0.34646114615485474	0.0	0.0	-0.1633847134612863	78
0.04593222814258132	0.9540677718574186	0.0	0.0	-0.011483057035645339	79
0.0	0.0	0.8978954307638094	0.10210456923619061	0.02552614230904765	80
0.0	0.0	0.5537764975477033	0.44622350245229664	0.11155587561307417	81
0.00994437272095868	0.9900556272790413	0.0	0.0	-0.002486093180239679	82
0.0	0.0	0.7831307880539115	0.21686921194608857	0.05421730298652214	83
0.0	0.0	0.8741052261618475	0.1258947738381525	0.03147369345953813	84
0.0	0.0	0.0	1.0	0.25	85
0.0	0.0	0.8648987560634289	0.1351012439365711	0.03377531098414277	86
0.0	0.0	0.015909352013183494	0.9840906479868166	0.24602266199670414	87
0.0	0.0	0.10386887861321593	0.8961311213867841	0.22403278034669602	88
0.0	0.0	0.9330521268632741	0.06694787313672586	0.016736968284181475	89
0.0	0.0	0.8139957966917832	0.1860042033082167	0.04650105082705419	90
0.0	0.056016078165993057	0.06874679571416434	0.8752371261198425	0.21880928152996063	91
0.0	0.0	0.5528882217296679	0.44711177827033205	0.11177794456758303	92
0.7272504608528377	0.27274953914716227	0.0	0.0	-0.18181261521320943	93
0.773326007207824	0.22667399279217612	0.0	0.0	-0.193331501801956	94
0.0	0.0	0.22348349365179832	0.7765165063482016	0.1941291265870504	95
0.3962072592021804	0.6037927407978195	0.0	0.0	-0.0990518148005451	96
0.0	0.0	0.25123312248223495	0.7487668775177652	0.18719171937944126	97
0.0	1.0	0.0	0.0	0.0	98
0.0	0.0	0.7012758856812067	0.2987241143187933	0.07468102857969833	99
0.0	0.0	0.7639436478726044	0.23605635212739556	0.059014088031848905	100
0.0	0.8084226766746894	0.19157732332531058	0.0	1.3877787807814457e-17	101
0.0	0.0	0.17785519705608346	0.8221448029439165	0.2055362007359791	102
0.022807448004509068	0.0	0.0173631024317505	0.9598294495637404	0.23425550038980783	103
0.34429359715055735	0.6557064028494426	0.0	0.0	-0.08607339928763934	104
0.0	0.0	0.18473651916510975	0.8152634808348903	0.20381587020872255	105
0.8286699330556929	0.1713300669443071	0.0	0.0	-0.20716748326392323	106
0.39834018877120203	0.6016598112287981	0.0	0.0	-0.09958504719280051	107
0.028832667446205235	0.0	0.8171056010263309	0.15406173152746389	0.03130726602031464	108
0.22250471950192696	0.0	0.15385817300898294	0.6236371074890901	0.10028309699679078	109
0.34727957858932995	0.6527204214106701	0.0	0.0	-0.08681989464733249	110
0.9247118584864696	0.07528814151353043	0.0	0.0	-0.2311779646216174	111
0.0	0.0	0.9255189656113078	0.07448103438869232	0.01862025859717306	112
0.9478754254769126	0.05212457452308741	0.0	0.0	-0.23696885636922815	113
0.024488544635960247	0.9755114553640398	0.0	0.0	-0.006122136158990071	114
0.03883542298283027	0.9611645770171697	0.0	0.0	-0.009708855745707567	115
0.8013330098097539	0.10083280291550593	0.09783418727474023	0.0	-0.20033325245243847	116
0.5890527829781026	0.41094721702189735	0.0	0.0	-0.14726319574452565	117
0.9266283371278083	0.07337166287219168	0.0	0.0	-0.23165708428195209	118
0.0	0.0	0.765301706032583	0.23469829396741704	0.05867457349185426	119
0.0	0.10186896251167253	0.8981310374883275	0.0	0.0	120
0.0	0.0	0.9016700495503424	0.09832995044965778	0.024582487612414466	121
0.0	0.7607515254079678	0.23924847459203225	0.0	0.0	122
0.10472269047202729	0.8952773095279728	0.0	0.0	-0.02618067261800683	123
0.6019598496706114	0.3980401503293885	0.0	0.0	-0.15048996241765286	124
0.0	0.042262737595754205	0.9029393120838195	0.054797950320426135	0.013699487580106529	125
0.4381314592977046	0.5618685407022954	0.0	0.0	-0.10953286482442615	126
0.8960973826523314	0.10390261734766873	0.0	0.0	-0.22402434566308285	127
1.0	0.0	0.0	0.0	-0.25	128
0.0	1.0	0.0	0.0	0.0	129
0.0	0.0	0.8568925545989076	0.14310744540109244	0.03577686135027311	130
0.0	0.06106613915541185	0.9389338608445883	0.0	2.7755575615628914e-17	131
0.0	0.0	0.1633102276101032	0.8366897723898968	0.2091724430974742	132
0.0	0.0	0.0	1.0	0.25	133
0.9255022796713587	0.0744977203286413	0.0	0.0	-0.23137556991783967	134
0.1419666294519232	0.8580333705480768	0.0	0.0	-0.035491657362980794	135
0.0	0.0	0.423596491382178	0.5764035086178221	0.14410087715445552	136
0.9515073680993631	0.04849263190063701	0.0	0.0	-0.23787684202484077	137
0.0	0.9300094856040483	0.06999051439595168	0.0	1.0408340855860843e-17	138
0.782874808513404	0.2171251914865961	0.0	0.0	-0.19571870212835102	139
0.0	0.0	0.42539730652092667	0.5746026934790733	0.14365067336976833	140
0.8842433866543408	0.11575661334565926	0.0	0.0	-0.2210608466635852	141
0.0	1.0	0.0	0.0	0.0	142
0.0	0.0	0.7535782377421226	0.24642176225787737	0.061605440564469344	143
0.0	0.0	0.013361684201014969	0.9866383157989851	0.24665957894974624	144
0.0	0.0	1.0	0.0	0.0	145
0.0	0.0	0.0	1.0	0.25	146
0.879462571552978	0.1205374284470221	0.0	0.0	-0.2198656428882445	147
0.3055650290924327	0.6944349709075672	0.0	0.0	-0.07639125727310818	148
0.6838365791601624	0.31616342083983767	0.0	0.0	-0.1709591447900406	149
0.9836780752407837	0.016321924759216417	0.0	0.0	-0.24591951881019591	150
0.9999999999999999	1.5224658092321105e-16	0.0	0.0	-0.24999999999999997	151
0.0	0.0	0.18278671345826278	0.8172132865417373	0.2043033216354343	152
0.33501520225654086	0.6649847977434591	0.0	0.0	-0.08375380056413521	153
0.0	0.0	0.8661999454954026	0.13380005450459742	0.033450013626149355	154
0.6976864702867686	0.30231352971323155	0.0	0.0	-0.17442161757169214	155
0.138767858334563	0.861232141665437	0.0	0.0	-0.03469196458364074	156
0.0	0.0	0.0	1.0	0.25	157
0.35429007664000706	0.6457099233599929	0.0	0.0	-0.08857251916000176	158
0.0	0.0	0.7448930041338971	0.25510699586610275	0.06377674896652569	159
0.0	0.0	0.7472226385634104	0.2527773614365897	0.0631943403591474	160
0.13271835438997784	0.8672816456100221	0.0	0.0	-0.03317958859749445	161
0.0	0.0	0.8131070662600087	0.18689293373999125	0.04672323343499782	162
0.6126702411491862	0.3873297588508138	0.0	0.0	-0.15316756028729656	163
0.8076091444648371	0.19239085553516286	0.0	0.0	-0.20190228611620928	164
0.0	0.0	0.9210166916494179	0.07898330835058219	0.019745827087645523	165
0.6079709966653886	0.3920290033346115	0.0	0.0	-0.15199274916634714	166
0.0	0.0	1.0	0.0	0.0	167
0.0	0.0	0.6854344699235676	0.3145655300764323	0.07864138251910807	168
0.0	0.0	0.3945889421349067	0.6054110578650932	0.1513527644662733	169
0.0	2.3244009331731144e-16	0.2278568517352828	0.772143148264717	0.19303578706617924	170
0.10975320502953549	0.8902467949704646	0.0	0.0	-0.027438301257383862	171
0.31964911487170194	0.6803508851282981	0.0	0.0	-0.07991227871792549	172
0.0	0.0	0.052095745452409796	0.9479042545475902	0.23697606363689755	173
0.9999999999999997	3.5520934671327565e-16	0.0	0.0	-0.24999999999999992	174
0.0	0.1129792228862503	0.07482553843541245	0.8121952386783372	0.20304880966958427	175
0.0	0.0	0.41048065639937664	0.5895193436006234	0.14737983590015585	176
0.0	0.0	0.9645890458757739	0.03541095412422609	0.008852738531056531	177
0.9523590787556503	0.04764092124434977	0.0	0.0	-0.23808976968891257	178
0.032003502775665445	0.9679964972243346	0.0	0.0	-0.00800087569391636	179
0.7136310585592057	0.2863689414407942	0.0	0.0	-0.17840776463980143	180
0.5742007506435509	0.42579924935644914	0.0	0.0	-0.14355018766088773	181
0.5826220291886746	0.07351967915304872	0.34385829165827664	0.0	-0.14565550729716864	182
0.9471619053147138	0.052838094685286253	0.0	0.0	-0.23679047632867845	183
1.0	0.0	0.0	0.0	-0.25	184
0.9510540595640533	0.04894594043594667	0.0	0.0	-0.23776351489101333	185
0.42419301487714756	0.5758069851228524	0.0	0.0	-0.10604825371928689	186
0.8183087932496924	0.18169120675030756	0.0	0.0	-0.2045771983124231	187
0.0	0.0	0.909985907836859	0.09001409216314094	0.022503523040785234	188
0.0	0.0	0.8575038093678964	0.14249619063210373	0.035624047658025904	189
0.0	1.0	0.0	0.0	0.0	190
0.0	0.0	0.8202287417123667	0.17977125828763324	0.044942814571908324	191
0.737080527579645	0.26291947242035496	0.0	0.0	-0.18427013189491126	192
0.6909431889777206	0.30905681102227944	0.0	0.0	-0.17273579724443014	193
0.0	0.0	0.9168514371250167	0.08314856287498329	0.020787140718745822	194
0.8722992635109125	0.12770073648908753	0.0	0.0	-0.21807481587772812	195
0.924445640887258	0.075554359112742	0.0	0.0	-0.2311114102218145	196
0.8958230382606767	0.10417696173932328	0.0	0.0	-0.22395575956516917	197
0.06378349816737929	0.9362165018326207	0.0	0.0	-0.015945874541844818	198
0.5125348820134996	0.4874651179865004	0.0	0.0	-0.1281337205033749	199
0.8712014081803554	0.12879859181964448	0.0	0.0	-0.21780035204508885	200
0.16550064674830983	0.8344993532516901	0.0	0.0	-0.04137516168707747	201
0.6678691386099463	0.3321308613900536	0.0	0.0	-0.1669672846524866	202
0.7140878366575465	0.2715809763566251	0.014331186985828361	0.0	-0.17852195916438662	203
0.0	0.0	0.043458628044162	0.956541371955838	0.2391353429889595	204
0.0	0.0	0.6453302354818086	0.3546697645181914	0.08866744112954786	205
1.0	0.0	0.0	0.0	-0.25	206
0.0	0.0	0.07621909589310824	0.9237809041068917	0.23094522602672293	207
0.0	0.0	0.15232539399912934	0.8476746060008706	0.21191865150021766	208
0.12618142066662788	0.8738185793333721	0.0	0.0	-0.03154535516665696	209
0.808661212504045	0.191338787495955	0.0	0.0	-0.20216530312601125	210
0.0	0.0	1.0	0.0	0.0	211
0.3397820404714818	0.0	0.07574158439182438	0.5844763751366937	0.061173583666302975	212
0.0	0.0	0.3177439108387102	0.6822560891612898	0.17056402229032247	213
0.0	0.0	0.29374119795191334	0.7062588020480868	0.17656470051202167	214
0.0	0.0	0.6095813623274711	0.39041863767252893	0.09760465941813223	215
0.0	0.0	0.7721597150527956	0.22784028494720449	0.05696007123680111	216
0.0	0.0	0.08063566812660601	0.919364331873394	0.2298410829683485	217
0.09759242217176506	0.9024075778282349	0.0	0.0	-0.02439810554294128	218
0.0	0.0	0.5226784965044954	0.4773215034955047	0.11933037587387615	219
0.0	0.0	1.0	0.0	0.0	220
0.9612924925332554	0.03870750746674446	0.0	0.0	-0.24032312313331386	221
0.23326442514136153	0.7667355748586384	0.0	0.0	-0.0583161062853404	222
0.0	1.0	0.0	0.0	0.0	223
0.0	0.0	0.7561431034245503	0.24385689657544965	0.060964224143862406	224
0.0	0.0	0.8932276822849851	0.10677231771501483	0.026693079428753708	225
0.2984517560816271	0.701548243918373	0.0	0.0	-0.07461293902040678	226
0.6212010757196259	0.37879892428037404	0.0	0.0	-0.15530026892990648	227
0.705520437419365	0.294479562580635	0.0	0.0	-0.17638010935484125	228
0.0	0.0	1.0	0.0	0.0	229
0.0	0.0	0.7892839844430113	0.21071601555698882	0.05267900388924718	230
0.0	0.0	0.9335476092622679	0.06645239073773204	0.016613097684433004	231
0.8014880447543976	0.19851195524560242	0.0	0.0	-0.2003720111885994	232
0.0	0.0	0.13950784709542763	0.8604921529045724	0.2151230382261431	233
0.0	0.0	0.28511395649532467	0.7148860435046752	0.1787215108761688	234
0.7373261072935196	0.2626738927064805	0.0	0.0	-0.1843315268233799	235
0.0	0.0	0.9929506338557418	0.00704936614425814	0.0017623415360645267	236
0.0	0.0	0.3207802999433615	0.6792197000566386	0.1698049250141596	237
0.47579890736177666	0.5242010926382233	0.0	0.0	-0.11894972684044416	238
0.0	0.0	0.14064106570886822	0.8593589342911317	0.21483973357278294	239
0.14368174004206632	0.8563182599579338	0.0	0.0	-0.03592043501051659	240
0.0	0.0	0.9508017898837217	0.04919821011627845	0.012299552529069585	241
0.12953473544492355	0.8704652645550764	0.0	0.0	-0.03238368386123089	242
0.0	0.0	0.13350823807053772	0.8664917619294622	0.21662294048236555	243
0.0	0.0	0.1189639756193388	0.8810360243806612	0.2202590060951653	244
0.8346613258846164	0.16533867411538353	0.0	0.0	-0.2086653314711541	245
0.7473891961570045	0.2526108038429956	0.0	0.0	-0.18684729903925112	246
0.42184307480573113	0.578156925194269	0.0	0.0	-0.10546076870143278	247
0.9416786614535707	0.05832133854642938	0.0	0.0	-0.23541966536339268	248
0.0	0.0	0.21423710383166247	0.7857628961683375	0.19644072404208437	249
0.9668279711499709	0.03317202885002916	0.0	0.0	-0.24170699278749272	250
0.0	0.0	0.29377157282588856	0.7062284271741115	0.17655710679352787	251
0.5384883475380879	0.46151165246191206	0.0	0.0	-0.13462208688452199	252
0.14733833819285258	0.8526616618071474	0.0	0.0	-0.036834584548213145	253
0.9921382697631008	0.007861730236899189	0.0	0.0	-0.2480345674407752	254
0.2526344764560409	0.747365523543959	0.0	0.0	-0.06315861911401023	255
0.0	0.0	0.612931930092483	0.3870680699075169	0.09676701747687924	256
0.0	0.0	0.6782417643848687	0.3217582356151313	0.08043955890378282	257
0.6125339670911394	0.38746603290886067	0.0	0.0	-0.15313349177278485	258
0.0	1.0	0.0	0.0	0.0	259
0.0	0.8927398889247975	0.0	0.10726011107520249	0.026815027768800622	260
0.0	0.0	0.35073509837604805	0.6492649016239519	0.162316225405988	261
0.0	1.0	0.0	0.0	0.0	262
0.0	0.0	0.016968541509661494	0.9830314584903386	0.24575786462258462	263
0.0	0.14436462225404184	0.12685862216522642	0.7287767555807318	0.18219418889518296	264
0.954292571523409	0.045707428476591094	0.0	0.0	-0.23857314288085224	265
0.0	0.0	0.4975747298005135	0.5024252701994866	0.12560631754987162	266
0.9704573179401098	0.029542682059890173	0.0	0.0	-0.24261432948502745	267
0.18339106330548935	0.8166089366945106	0.0	0.0	-0.045847765826372344	268
0.0	0.0	1.0	0.0	0.0	269
0.2061135408330481	0.793886459166952	0.0	0.0	-0.05152838520826203	270
0.9287302153380081	0.07126978466199185	0.0	0.0	-0.23218255383450204	271
0.27722928981099115	0.5381475143084083	0.1846231958806004	0.0	-0.06930732245274779	272
0.6454592888108082	0.131152497517588	0.22338821367160377	0.0	-0.16136482220270204	273
0.0	1.0	0.0	0.0	0.0	274
0.0	0.5360213523606315	0.015415434817272143	0.4485632128220963	0.11214080320552408	275
0.5959752016410124	0.40402479835898764	0.0	0.0	-0.1489938004102531	276
0.494854241251386	0.505145758748614	0.0	0.0	-0.1237135603128465	277
0.25254332635718896	0.7474566736428111	0.0	0.0	-0.06313583158929724	278
0.0	0.0	0.08275700167778235	0.9172429983222177	0.22931074958055442	279
0.9030382209290808	0.09696177907091921	0.0	0.0	-0.2257595552322702	280
0.0	0.0	0.9552449908215348	0.04475500917846513	0.011188752294616272	281
0.03582143194886901	0.0	0.0	0.964178568051131	0.2320892840255655	282
0.0	0.0	0.7559565158472903	0.24404348415270977	0.06101087103817743	283
0.0	0.0	0.8163229850257385	0.18367701497426145	0.04591925374356537	284
0.0	0.0	0.546615057528799	0.4533849424712009	0.11334623561780025	285
0.4426693773074671	0.5573306226925329	0.0	0.0	-0.11066734432686677	286
0.0	0.0	0.9490717409422283	0.05092825905777174	0.012732064764442913	287
0.0	0.0	0.3766497846739782	0.6233502153260216	0.15583755383150538	288
0.0	1.0	0.0	0.0	0.0	289
0.0	0.0	0.08429571000262354	0.9157042899973765	0.2289260724993441	290
1.0	0.0	0.0	0.0	-0.25	291
0.3996663254002939	0.6003336745997062	0.0	0.0	-0.09991658135007347	292
0.6645553395716998	0.3354446604283002	0.0	0.0	-0.16613883489292494	293
0.27542282939850743	0.7245771706014925	0.0	0.0	-0.06885570734962686	294
0.0	0.0	0.0165359772060594	0.9834640227939406	0.24586600569848516	295
0.1750975384915916	0.11087537911140198	0.27938770452851275	0.43463937786849377	0.06488545984422554	296
0.11352867105794906	0.8864713289420509	0.0	0.0	-0.028382167764487265	297
0.0	0.0	0.9569710112865863	0.04302898871341365	0.010757247178353413	298
0.0	0.0	0.9639388576082286	0.036061142391771446	0.009015285597942846	299
0.0	0.0	0.008310358917110265	0.9916896410828898	0.24792241027072243	300
0.8195162806796069	0.18048371932039323	0.0	0.0	-0.20487907016990173	301
0.0	0.0	0.7697211873323269	0.23027881266767317	0.057569703166918285	302
0.07799424745149039	0.46652892019516884	0.45547683235334085	0.0	-0.019498561862872577	303
0.0	0.0	0.06280537000930497	0.937194629990695	0.23429865749767376	304
0.0	0.0	0.08509025669225645	0.9149097433077437	0.2287274358269359	305
0.0	0.0	0.9999999999999998	3.248064752826387e-16	5.551115123125783e-17	306
0.0	0.0	0.9999999999999998	2.9318356220780534e-16	5.551115123125783e-17	307
0.0	0.0	0.25607198623620153	0.7439280137637984	0.1859820034409496	308
0.0	0.0	0.5752514517740235	0.42474854822597663	0.10618713705649413	309
0.0	0.0	0.10196969821040398	0.8980303017895961	0.224507575447399	310
0.07380531062738564	0.7586608525619115	0.0	0.1675338368107029	0.023432131545829328	311
0.3347664500634024	0.6652335499365977	0.0	0.0	-0.0836916125158506	312
0.0	1.0	0.0	0.0	0.0	313
0.0	0.0	1.0	0.0	0.0	314
0.0	0.0	0.6792819016232825	0.3207180983767176	0.08017952459417937	315
0.0	0.0	0.1779879711698349	0.8220120288301651	0.20550300720754128	316
0.6544990223078491	0.34550097769215093	0.0	0.0	-0.16362475557696227	317
0.0	0.0	0.27956464185394975	0.7204353581460503	0.18010883953651258	318
0.6725970564156686	0.32740294358433136	0.0	0.0	-0.16814926410391715	319
0.9644853231227205	0.03551467687727942	0.0	0.0	-0.24112133078068013	320
0.0	0.0	0.9309060001484009	0.0690939998515992	0.017273499962899785	321
0.8559267979516212	0.1440732020483788	0.0	0.0	-0.2139816994879053	322
0.217573793411845	0.782426206588155	0.0	0.0	-0.054393448352961254	323
0.9382138224005191	0.06178617759948088	0.0	0.0	-0.23455345560012977	324
0.37548895432404034	0.6245110456759596	0.0	0.0	-0.09387223858101008	325
0.39251676876464253	0.6074832312353575	0.0	0.0	-0.09812919219116063	326
0.055274587941901335	0.0	0.7205611220384985	0.2241642900196002	0.042222425519424706	327
0.25770317440753054	0.5683736744604024	0.17392315113206705	0.0	-0.06442579360188264	328
0.8975823324375666	0.10241766756243353	0.0	0.0	-0.22439558310939164	329
0.0	0.0	0.9640586019030264	0.0359413980969736	0.008985349524243402	330
0.9819961012440804	0.01800389875591963	0.0	0.0	-0.2454990253110201	331
0.10913640598079356	0.8908635940192065	0.0	0.0	-0.027284101495198387	332
0.0	0.0	0.6812045948601168	0.31879540513988314	0.07969885128497078	333
0.9358007003406631	0.06419929965933699	0.0	0.0	-0.23395017508516577	334
0.0	0.0	1.0	0.0	0.0	335
0.0	1.0	0.0	0.0	0.0	336
0.9295898917617402	0.07041010823825974	0.0	0.0	-0.23239747294043506	337
0.06334763938135511	0.0	0.546363041062805	0.3902893195558399	0.0817354200436212	338
0.373303298578065	0.626696701421935	0.0	0.0	-0.09332582464451625	339
0.0	0.0	1.0	0.0	0.0	340
0.9348829944203115	0.06511700557968841	0.0	0.0	-0.23372074860507785	341
0.8481979268176846	0.15180207318231548	0.0	0.0	-0.21204948170442117	342
0.0	0.0	0.0	1.0	0.25	343
0.607143990182068	0.3528846407685526	0.0	0.03997136904937938	-0.14179315528317216	344
0.0	0.0	0.7275716403903971	0.2724283596096028	0.06810708990240072	345
0.27682674929204126	0.7231732507079588	0.0	0.0	-0.06920668732301032	346
0.0	0.0	0.29316468385526445	0.7068353161447356	0.1767088290361839	347
0.022612812177236336	0.9773871878227637	0.0	0.0	-0.00565320304430908	348
0.0	0.0	0.10080611781984704	0.899193882180153	0.22479847054503824	349
0.008299427725655706	0.0	0.37879098948144807	0.6129095827928963	0.15115253876681015	350
0.9999999999999997	4.4218322458662755e-16	0.0	0.0	-0.24999999999999992	351
0.0	0.0	0.7682114598153655	0.2317885401846345	0.057947135046158615	352
0.8459263729685376	0.15407362703146246	0.0	0.0	-0.2114815932421344	353
0.0	0.0	0.35756237408473124	0.6424376259152688	0.1606094064788172	354
0.9468418803969874	0.05315811960301271	0.0	0.0	-0.23671047009924684	355
0.0	0.0	0.324976233703551	0.675023766296449	0.16875594157411225	356
0.0	0.0	0.69220905538846	0.30779094461153994	0.076947736152885	357
1.0	0.0	0.0	0.0	-0.25	358
0.7421615787762721	0.23918763783763422	0.01865078338609372	0.0	-0.18554039469406802	359
0.0	0.2434754326330879	0.7565245673669121	0.0	0.0	360
0.26679838229946706	0.7332016177005328	0.0	0.0	-0.06669959557486677	361
0.0	0.0	0.19529229593282804	0.804707704067172	0.201176926016793	362
0.719759743063772	0.28024025693622806	0.0	0.0	-0.179939935765943	363
0.5633471610888107	0.4366528389111893	0.0	0.0	-0.14083679027220267	364
0.0	0.0	0.2019575454893581	0.7980424545106418	0.19951061362766045	365
0.8366199190765696	0.1633800809234303	0.0	0.0	-0.2091549797691424	366
0.0	0.0	0.34154126622573794	0.658458733774262	0.1646146834435655	367
0.0	0.0	0.5673592436156453	0.43264075638435473	0.10816018909608868	368
0.1777185681137853	0.16463178307362739	0.6576496488125873	0.0	-0.04442964202844632	369
0.8692787459790294	0.13072125402097048	0.0	0.0	-0.21731968649475736	370
0.0	0.0	0.873815396569382	0.126184603430618	0.0315461508576545	371
0.4673236270232109	0.532676372976789	0.0	0.0	-0.11683090675580272	372
0.4513587999909029	0.5486412000090971	0.0	0.0	-0.11283969999772572	373
0.0	0.2572140688077697	0.14964002149741157	0.5931459096948186	0.14828647742370465	374
0.5666827506767832	0.43331724932321675	0.0	0.0	-0.1416706876691958	375
0.0	0.0	0.7991703682128096	0.20082963178719038	0.050207407946797594	376
0.8973361179628225	0.10266388203717745	0.0	0.0	-0.22433402949070563	377
0.20513455403398423	0.7948654459660157	0.0	0.0	-0.05128363850849607	378
0.9804351432125161	0.019564856787483844	0.0	0.0	-0.24510878580312903	379
0.0	0.0	0.9999999999999997	4.727090431905237e-16	1.3877787807814457e-16	380
0.9018176349496573	0.09818236505034257	0.0	1.7850267575279537e-16	-0.22545440873741426	381
0.660010243653193	0.33998975634680695	0.0	0.0	-0.16500256091329826	382
0.0	0.0	0.22134080260216954	0.7786591973978305	0.19466479934945763	383
0.6855193769486722	0.3144806230513279	0.0	0.0	-0.17137984423716804	384
0.6227375495000128	0.3772624504999872	0.0	0.0	-0.1556843873750032	385
0.4262962899618049	0.5436817884728081	0.0	0.030021921565386953	-0.09906859209910449	386
0.0	0.0	0.01344011734736744	0.9865598826526326	0.24663997066315815	387
0.0	0.0	0.08626658781473301	0.913733412185267	0.22843335304631673	388
0.0	1.0	0.0	0.0	0.0	389
0.37495138295027985	0.6250486170497201	0.0	0.0	-0.09373784573756996	390
0.8792473549189249	0.12075264508107512	0.0	0.0	-0.21981183872973123	391
0.0	0.0	0.5602580243290166	0.4397419756709834	0.10993549391774585	392
0.0	0.0	0.683665507776121	0.316334492223879	0.07908362305596975	393
0.9639693087210974	0.0360306912789026	0.0	0.0	-0.24099232718027436	394
0.0	0.0	2.6541246116893637e-16	0.9999999999999998	0.24999999999999994	395
0.0	0.0	0.7601860079144418	0.2398139920855582	0.05995349802138955	396
0.36205509797054913	0.6379449020294509	0.0	0.0	-0.09051377449263728	397
0.0	0.0	0.39116107103212827	0.6088389289678717	0.15220973224196793	398
0.0	0.0	0.8856755843664222	0.11432441563357769	0.028581103908394412	399
0.017275082236436944	0.9827249177635631	0.0	0.0	-0.004318770559109231	400
0.9582705907414951	0.041729409258504886	0.0	0.0	-0.23956764768537378	401
0.0	0.23189637727937376	0.07747835565540771	0.6906252670652185	0.17265631676630463	402
0.0	0.0	0.16626208257037048	0.8337379174296295	0.2084344793574074	403
1.0	0.0	0.0	0.0	-0.25	404
0.0	0.7295903041515817	0.2704096958484183	0.0	1.3877787807814457e-17	405
0.0	0.0	0.4250956007648839	0.574904399235116	0.14372609980877904	406
0.0	0.0	0.9592591387330102	0.04074086126698984	0.010185215316747459	407
0.0	0.0	0.08747735562698229	0.9125226443730178	0.22813066109325442	408
0.0	0.0	0.7710503907543702	0.2289496092456298	0.05723740231140745	409
0.0	0.0	0.976018606606578	0.02398139339342201	0.005995348348355495	410
0.0	0.0	0.38130573861645456	0.6186942613835453	0.15467356534588633	411
0.8510366764317173	0.14896332356828274	0.0	0.0	-0.21275916910792936	412
0.7137792662566662	0.2862207337433339	0.0	0.0	-0.17844481656416655	413
0.6661928184520787	0.3338071815479213	0.0	0.0	-0.16654820461301967	414
0.018964778912792343	0.9810352210872078	0.0	0.0	-0.004741194728198089	415
0.8799681191852815	0.12003188081471843	0.0	0.0	-0.21999202979632038	416
0.1865254485537284	0.0	0.13792352321934645	0.6755510282269253	0.12225639491829923	417
0.5830063137012534	0.4169936862987465	0.0	0.0	-0.14575157842531336	418
1.0	0.0	0.0	0.0	-0.25	419
0.0	0.0	0.426549417424052	0.573450582575948	0.14336264564398699	420
0.953420839623954	0.046579160376045974	0.0	0.0	-0.2383552099059885	421
0.7666318008962819	0.23336819910371817	0.0	0.0	-0.19165795022407048	422
0.0	0.0	0.9881394949648004	0.011860505035199705	0.0029651262587999105	423
0.0	0.0	0.33503759232729835	0.6649624076727016	0.1662406019181754	424
0.09764196042212822	0.9023580395778718	0.0	0.0	-0.024410490105532062	425
0.0	0.0	0.38937309982711926	0.6106269001728807	0.1526567250432202	426
0.7586191937759373	0.24138080622406258	0.0	0.0	-0.18965479844398433	427
0.0	0.0	0.7935671655558101	0.2064328344441899	0.05160820861104748	428
0.04978998289218433	0.9502100171078156	0.0	0.0	-0.01244749572304607	429
0.11807418908287683	0.8819258109171232	0.0	0.0	-0.029518547270719203	430
0.7628711288372513	0.23712887116274867	0.0	0.0	-0.1907177822093128	431
0.08327385893964054	0.9167261410603594	0.0	0.0	-0.02081846473491014	432
0.0	0.0	0.5762370116128177	0.42376298838718224	0.10594074709679557	433
0.0	0.0	0.4462602710008332	0.5537397289991668	0.1384349322497917	434
0.0	0.0	1.0	0.0	0.0	435
0.8961549957527243	0.10384500424727565	0.0	0.0	-0.22403874893818107	436
0.576171028328201	0.42382897167179895	0.0	0.0	-0.14404275708205025	437
0.9161980018444399	0.08380199815556012	0.0	0.0	-0.22904950046110997	438
0.0	0.0	0.5457498846063691	0.45425011539363097	0.11356252884840773	439
0.015950791712718917	0.0	0.8200440539773045	0.1640051543099765	0.03701359064931439	440
0.6048107222762225	0.21709080679120862	0.178098470932569	0.0	-0.15120268056905561	441
0.8540739087280101	0.1459260912719898	0.0	0.0	-0.2135184771820025	442
0.0	0.0	0.8892992638459605	0.11070073615403946	0.027675184038509854	443
0.0	0.0	0.0876475602214108	0.9123524397785892	0.2280881099446473	444
5.233576834851303e-16	0.0	0.7152239141052933	0.2847760858947062	0.0711940214736764	445
1.0	0.0	0.0	0.0	-0.25	446
0.0	0.19550316003622206	0.7230107417903338	0.08148609817344424	0.020371524543361053	447
0.20858627114329992	0.7914137288567	0.0	0.0	-0.05214656778582499	448
0.8513706269282791	0.1486293730717209	0.0	0.0	-0.21284265673206978	449
0.9145417108161102	0.08545828918388966	0.0	0.0	-0.22863542770402756	450
0.947868677132113	0.05213132286788711	0.0	0.0	-0.23696716928302825	451
0.0	0.9269996436585365	0.07300035634146348	0.0	6.938893903907228e-18	452
0.8511459137000783	0.1488540862999217	0.0	0.0	-0.21278647842501958	453
0.558530164259177	0.15918201608791036	0.2822878196529127	0.0	-0.13963254106479425	454
0.0	0.9508959547523378	0.0	0.04910404524766215	0.012276011311915537	455
0.0	1.0	0.0	0.0	0.0	456
0.0	0.732789535017501	0.11397894496154871	0.15323152002095022	0.03830788000523755	457
0.0	0.0	1.0	0.0	0.0	458
0.11921134276123721	0.8807886572387628	0.0	0.0	-0.02980283569030931	459
0.0	0.0	0.1935544576366532	0.8064455423633468	0.2016113855908367	460
0.2353944751021948	0.7646055248978052	0.0	0.0	-0.0588486187755487	461
0.9371095447715784	0.06289045522842164	0.0	0.0	-0.2342773861928946	462
0.0	0.0	0.5676747010945165	0.4323252989054836	0.10808132472637089	463
0.0	1.0	0.0	0.0	0.0	464
0.9999999999999997	4.3082177025216545e-16	0.0	0.0	-0.24999999999999992	465
0.02505845557541745	0.0	0.8858361471785584	0.08910539724602412	0.01601173541765169	466
0.07997835585320183	0.9200216441467981	0.0	0.0	-0.019994588963300447	467
0.620922451187498	0.37907754881250205	0.0	0.0	-0.1552306127968745	468
0.0	0.0	0.0	1.0	0.25	469
0.5571432756602024	0.11813965664942092	0.3247170676903767	0.0	-0.1392858189150506	470
0.0	0.0	0.29066134937403276	0.7093386506259671	0.17733466265649178	471
0.0	0.0	0.18436708110762107	0.815632918892379	0.20390822972309475	472
0.0	0.0	0.04695826873216758	0.9530417312678324	0.2382604328169581	473
0.0	0.0	0.1027446585520199	0.89725534144798	0.224313835361995	474
0.0	0.0	0.7910431734488933	0.2089568265511067	0.052239206637776675	475
0.0	0.0	0.5442365373685101	0.45576346263149004	0.11394086565787248	476
0.0	0.0	0.6922940471690432	0.3077059528309568	0.0769264882077392	477
0.48120079694283396	0.4135471405994024	0.10525206245776368	0.0	-0.12030019923570849	478
0.7736619621455993	0.22633803785440063	0.0	0.0	-0.19341549053639984	479
0.0	0.0	0.7848886673572034	0.21511133264279653	0.053777833160699146	480
0.0	0.0	0.0	1.0	0.25	481
0.7320344921545994	0.26796550784540063	0.0	0.0	-0.18300862303864984	482
0.8140884055521723	0.18591159444782773	0.0	0.0	-0.2035221013880431	483
0.22221092514511034	0.10667587038876143	0.6711132044661282	0.0	-0.05555273128627759	484
0.0	1.0	0.0	0.0	0.0	485
0.05767991156297706	0.942320088437023	0.0	0.0	-0.014419977890744257	486
0.9692410680314073	0.030758931968592702	0.0	0.0	-0.24231026700785183	487
0.0	0.0	0.9238777250152153	0.07612227498478476	0.019030568746196186	488
0.1033820293637777	0.8966179706362223	0.0	0.0	-0.02584550734094443	489
0.6852655126405567	0.31473448735944337	0.0	0.0	-0.17131637816013917	490
0.6985276785401284	0.30147232145987163	0.0	0.0	-0.1746319196350321	491
0.08643512214438305	0.9135648778556169	0.0	0.0	-0.021608780536095773	492
0.0	0.0	0.47195269646049576	0.5280473035395044	0.13201182588487606	493
0.8910767291607077	0.10892327083929229	0.0	0.0	-0.22276918229017692	494
0.10177352461898859	0.8982264753810114	0.0	0.0	-0.025443381154747147	495
0.0	0.0	0.3610847383301659	0.638915261669834	0.15972881541745854	496
0.5730746924584685	0.42692530754153135	0.0	0.0	-0.14326867311461713	497
0.4110264788495391	0.588973521150461	0.0	0.0	-0.10275661971238477	498
0.8058535622281648	0.1941464377718352	0.0	0.0	-0.2014633905570412	499
0.0	1.0	0.0	0.0	0.0	500
0.0	0.0	1.0	0.0	0.0	501
0.11695007553607449	0.8830499244639255	0.0	0.0	-0.029237518884018626	502
0.9495548110912939	0.05044518890870612	0.0	0.0	-0.23738870277282348	503
0.0	0.1770606684087528	0.5147950496714906	0.30814428191975657	0.07703607047993916	504
0.0	0.0	0.0	1.0	0.25	505
0.0	0.0	0.3985355908488326	0.6014644091511674	0.15036610228779185	506
3.7537122946789897e-16	0.9999999999999997	0.0	0.0	-8.326672684688674e-17	507
0.9004589366287987	0.09954106337120132	0.0	0.0	-0.22511473415719968	508
0.9790118454991191	0.020988154500880818	0.0	0.0	-0.24475296137477975	509
1.0	0.0	0.0	0.0	-0.25	510
0.0	1.7280942355405235e-16	0.9299500435770006	0.07004995642299916	0.01751248910574979	511
0.0	0.0	0.18969473868084666	0.8103052613191534	0.20257631532978834	512
0.0	0.0	0.925755382824651	0.07424461717534894	0.01856115429383723	513
0.0	0.9291480438676077	0.07085195613239222	0.0	1.0408340855860843e-17	514
0.0	0.033114972617854975	0.43627754317462997	0.530607484207515	0.13265187105187876	515
0.37670415607268853	0.5313174856491006	0.09197835827821081	0.0	-0.09417603901817213	516
0.8737935367040833	0.12620646329591662	0.0	0.0	-0.2184483841760208	517
0.42036375839119816	0.5796362416088018	0.0	0.0	-0.10509093959779954	518
0.0	1.0	0.0	0.0	0.0	519
0.0	0.0	1.0	0.0	0.0	520
0.0	0.07027261984242475	0.19250689635150614	0.7372204838060691	0.1843051209515173	521
0.2667796806766516	0.4215910740610531	0.3116292452622953	0.0	-0.0666949201691629	522
0.0	0.0	0.8625266090626934	0.1374733909373066	0.03436834773432665	523
0.09358443513246173	0.9064155648675383	0.0	0.0	-0.023396108783115432	524
0.0	0.0	0.1092448905411901	0.8907551094588099	0.22268877736470247	525
0.0	0.0	0.989673812738089	0.01032618726191094	0.002581546815477731	526
0.6997869157536942	0.3002130842463058	0.0	0.0	-0.17494672893842356	527
0.967203646819847	0.03279635318015297	0.0	0.0	-0.24180091170496176	528
0.20511687270683265	0.7948831272931673	0.0	0.0	-0.05127921817670816	529
0.9134971928389247	0.08650280716107528	0.0	0.0	-0.22837429820973118	530
0.9147514871867752	0.08524851281322471	0.0	0.0	-0.2286878717966938	531
0.618551654081993	0.38144834591800697	0.0	0.0	-0.15463791352049824	532
0.8360665144228747	0.1639334855771253	0.0	0.0	-0.20901662860571868	533
0.0	0.0	0.7672769117741983	0.23272308822580162	0.05818077205645042	534
0.5921462674611138	0.265045308768017	0.14280842377086914	0.0	-0.14803656686527844	535
0.0	0.0	0.10097748109072795	0.899022518909272	0.224755629727318	536
0.7077933837715636	0.2922066162284364	0.0	0.0	-0.1769483459428909	537
0.7177055632757315	0.2822944367242685	0.0	0.0	-0.17942639081893288	538
0.0	0.0	0.09092295246247638	0.9090770475375236	0.2272692618843809	539
0.29690280695229193	0.7030971930477081	0.0	0.0	-0.07422570173807298	540
0.3023615010147362	0.6976384989852638	0.0	0.0	-0.07559037525368405	541
0.03080625302674101	0.969193746973259	0.0	0.0	-0.007701563256685251	542
0.0	0.0	0.9039324460823128	0.09606755391768713	0.024016888479421794	543
0.0	0.0	0.8492058716651429	0.15079412833485709	0.037698532083714265	544
0.0	0.0	0.26932522830905453	0.7306747716909454	0.18266869292273635	545
0.14172218640262005	0.85827781359738	0.0	0.0	-0.035430546600655005	546
0.8142331626686119	0.18576683733138796	0.0	0.0	-0.20355829066715297	547
1.0	0.0	0.0	0.0	-0.25	548
0.37618684903017496	0.623813150969825	0.0	0.0	-0.09404671225754374	549
0.0	0.7369679493988781	0.2630320506011219	0.0	0.0	550
0.0	0.0	0.8114437610138686	0.18855623898613144	0.047139059746532846	551
0.0	0.0	0.6766413527480036	0.3233586472519965	0.08083966181299909	552
0.05948914950006672	0.9405108504999333	0.0	0.0	-0.014872287375016668	553
0.0	1.0	0.0	0.0	0.0	554
0.009997783850464759	0.9900022161495352	0.0	0.0	-0.002499445962616198	555
0.0	0.9888776130255277	0.011122386974472315	0.0	1.3010426069826053e-18	556
0.4216937206466205	0.5783062793533794	0.0	0.0	-0.10542343016165512	557
0.9449146686847181	0.05508533131528202	0.0	0.0	-0.23622866717117952	558
0.0	0.0	0.10901578357583745	0.8909842164241625	0.22274605410604062	559
0.0	0.03185757701840767	0.5103203959612452	0.4578220270203471	0.11445550675508676	560
0.0	0.0	0.40846023005727367	0.5915397699427263	0.14788494248568157	561
0.0	0.0	0.2936704797477203	0.7063295202522797	0.17658238006306992	562
0.0	0.0	1.0	0.0	0.0	563
0.8679800852672329	0.13201991473276714	0.0	0.0	-0.21699502131680826	564
0.92844291883071	0.07155708116929006	0.0	0.0	-0.2321107297076775	565
0.07385356580342069	0.9261464341965794	0.0	0.0	-0.018463391450855182	566
0.0	0.0	0.11473535144463033	0.8852646485553697	0.22131616213884242	567
0.9093044860743495	0.09069551392565052	0.0	0.0	-0.2273261215185874	568
0.0	0.8149937783191717	0.18500622168082836	0.0	-2.7755575615628914e-17	569
0.48529521651499363	0.5147047834850063	0.0	0.0	-0.12132380412874841	570
0.0	0.9730679968224962	0.0	0.026932003177503844	0.006733000794375961	571
0.0	0.1693238333857983	0.3418435116857255	0.48883265492847616	0.12220816373211905	572
0.8387783719999423	0.0909234964074714	0.0702981315925863	0.0	-0.2096945929999856	573
0.0	0.0	0.9209301573895019	0.07906984261049808	0.019767460652624524	574
0.8815301578004595	0.11846984219954051	0.0	0.0	-0.22038253945011488	575
0.0	0.0	1.0	0.0	0.0	576
0.0	1.0	0.0	0.0	0.0	577
0.6937892570796357	0.3062107429203644	0.0	0.0	-0.17344731426990892	578
0.0	1.0	0.0	0.0	0.0	579
0.9321446811354361	0.06785531886456385	0.0	0.0	-0.23303617028385903	580
0.16508188955175143	0.8349181104482486	0.0	0.0	-0.04127047238793785	581
0.0	0.0	0.0	1.0	0.25	582
0.6939489326740103	0.30605106732598975	0.0	0.0	-0.17348723316850256	583
0.8451364082281987	0.15486359177180137	0.0	0.0	-0.21128410205704967	584
0.6401223309506361	0.3598776690493638	0.0	0.0	-0.16003058273765902	585
0.0	0.0	0.7354322141494056	0.2645677858505944	0.0661419464626486	586
0.0	0.031059944194539824	0.0407178947924814	0.9282221610129787	0.23205554025324468	587
0.0	0.0	0.795128470428536	0.20487152957146398	0.05121788239286601	588
0.0	0.011186455552090486	0.04125319480988175	0.9475603496380278	0.23689008740950696	589
0.0	0.0	0.9702740767563498	0.029725923243650226	0.00743148081091255	590
0.0	0.0	3.814379392035333e-16	0.9999999999999997	0.24999999999999992	591
0.0	1.0	0.0	0.0	0.0	592
0.0	0.0	0.0	1.0	0.25	593
0.0	0.0	0.6370180023476661	0.3629819976523338	0.09074549941308346	594
0.49345340528136195	0.42429166662096446	0.08225492809767354	0.0	-0.12336335132034049	595
0.0	0.0	0.7701604692489818	0.22983953075101826	0.05745988268775454	596
0.01779837707300435	0.9822016229269958	0.0	0.0	-0.004449594268251089	597
0.10510741066314716	0.8948925893368528	0.0	0.0	-0.026276852665786804	598
0.0	0.20533198188386784	0.6231465947112818	0.1715214234048504	0.04288035585121261	599
0.0	0.0	0.3912305434951071	0.6087694565048929	0.15219236412622322	600
0.0	0.030612080333356374	0.2813201434352883	0.6880677762313553	0.1720169440578388	601
0.0	1.0	0.0	0.0	0.0	602
0.8202688497576062	0.17973115024239386	0.0	0.0	-0.20506721243940154	603
0.5223527639008329	0.47764723609916715	0.0	0.0	-0.1305881909752082	604
0.5289999990602917	0.4710000009397083	0.0	0.0	-0.13224999976507293	605
0.0	0.0	0.01889181543695859	0.9811081845630414	0.24527704614076035	606
0.0	0.0	0.0	1.0	0.25	607
0.0	0.0	0.010766011013508095	0.9892339889864918	0.24730849724662296	608
0.0	0.0	0.9537964761813525	0.04620352381864748	0.011550880954661863	609
0.0	0.0	0.10765917955938321	0.8923408204406168	0.2230852051101542	610
0.9361897086333009	0.06381029136669915	0.0	0.0	-0.23404742715832522	611
0.0	0.0	0.9248861912938096	0.07511380870619047	0.01877845217654761	612
0.0	0.0	0.9586037896730295	0.041396210326970564	0.010349052581742624	613
0.18995980607678598	0.7562274871139909	0.0	0.05381270680922317	-0.0340367748168907	614
0.0	0.0	0.6498725968137008	0.3501274031862993	0.0875318507965748	615
0.0	0.0	0.9835463452103198	0.01645365478968023	0.004113413697420049	616
0.696719657254103	0.303280342745897	0.0	0.0	-0.17417991431352575	617
0.0	0.0	0.2660947891797062	0.7339052108202938	0.18347630270507345	618
0.0	0.0	0.13206587960401675	0.8679341203959833	0.21698353009899582	619
0.0	0.0	0.01182990877500216	0.9881700912249979	0.24704252280624947	620
0.0	0.0	0.9900248939749801	0.009975106025019845	0.0024937765062549577	621
0.0401387607297627	0.8521021315297143	0.10775910774052294	0.0	-0.010034690182440673	622
0.0	0.0	0.8040097966627454	0.1959902033372546	0.04899755083431365	623
0.0	0.0	0.05351130591888756	0.9464886940811124	0.2366221735202781	624
0.0	1.0	0.0	0.0	0.0	625
0.6743125672644056	0.3256874327355945	0.0	0.0	-0.1685781418161014	626
0.3153259335275637	0.6846740664724362	0.0	0.0	-0.07883148338189093	627
0.0	0.0	0.8993480229617533	0.10065197703824681	0.025162994259561727	628
0.3366454970908433	0.6633545029091567	0.0	0.0	-0.08416137427271082	629
0.32718419938725063	0.6728158006127494	0.0	0.0	-0.08179604984681266	630
0.0	0.9903497686406167	0.009650231359383251	0.0	8.673617379884035e-19	631
0.9446016482245396	0.05539835177546038	0.0	0.0	-0.2361504120561349	632
0.9810376225081353	0.01896237749186466	0.0	0.0	-0.24525940562703383	633
0.0	0.0	0.8171641651227601	0.1828358348772399	0.04570895871930997	634
0.9746662815918132	0.025333718408186805	0.0	0.0	-0.2436665703979533	635
0.9723980490201353	0.027601950979864842	0.0	0.0	-0.24309951225503382	636
0.0	0.0	0.08185666563658989	0.9181433343634101	0.22953583359085253	637
0.07929531849678542	0.9207046815032146	0.0	0.0	-0.01982382962419635	638
0.9217587431960382	0.07824125680396186	0.0	0.0	-0.23043968579900956	639
0.0	0.0	0.3785135414514971	0.6214864585485029	0.15537161463712573	640
0.7575379814046034	0.24246201859539665	0.0	0.0	-0.18938449535115084	641
0.0	0.0	0.020712911898366132	0.9792870881016339	0.24482177202540847	642
0.0	0.03162063277527242	0.9379602722302495	0.03041909499447822	0.007604773748619564	643
0.0	0.0	0.15290602217695587	0.8470939778230441	0.21177349445576105	644
0.9616086219749373	0.03839137802506262	0.0	0.0	-0.24040215549373434	645
0.15666840214098704	0.6531970924457045	0.19013450541330848	0.0	-0.03916710053524675	646
0.0	0.0	0.9999999999999997	3.603626482333679e-16	8.326672684688674e-17	647
0.9582797538025682	0.041720246197431705	0.0	0.0	-0.23956993845064206	648
0.8173365253709731	0.18266347462902693	0.0	0.0	-0.2043341313427433	649
0.17965708093344504	0.820342919066555	0.0	0.0	-0.04491427023336125	650
0.7058438985697773	0.2941561014302228	0.0	0.0	-0.1764609746424443	651
0.0	0.0	0.7158932964368643	0.2841067035631358	0.07102667589078393	652
0.5927305518798222	0.40726944812017785	0.0	0.0	-0.14818263796995554	653
0.0	0.0	0.33197325646522546	0.6680267435347745	0.16700668588369363	654
0.0	0.0	0.8577262588823039	0.14227374111769603	0.03556843527942402	655
0.43785164315821357	0.5621483568417863	0.0	0.0	-0.10946291078955339	656
0.6320970987416458	0.36790290125835434	0.0	0.0	-0.15802427468541144	657
0.6830082773671902	0.31699172263280984	0.0	0.0	-0.17075206934179754	658
0.9999999999999997	4.236716237872925e-16	0.0	0.0	-0.24999999999999992	659
0.32356939741507706	0.676430602584923	0.0	0.0	-0.08089234935376927	660
0.0	0.0	0.9502688926874617	0.04973110731253828	0.012432776828134567	661
0.08058406977545432	0.9194159302245457	0.0	0.0	-0.020146017443863573	662
0.0	0.0	0.19040642121981105	0.8095935787801889	0.20239839469504722	663
0.0	1.0	0.0	0.0	0.0	664
0.0	0.0	0.22950014298254448	0.7704998570174555	0.19262496425436387	665
0.0	0.0	1.0	0.0	0.0	666
0.0	0.0	0.9656113192386887	0.03438868076131134	0.008597170190327824	667
0.7889007932288046	0.21109920677119545	0.0	0.0	-0.19722519830720114	668
0.7952523916652022	0.20474760833479788	0.0	0.0	-0.19881309791630056	669
0.0	0.9999999999999996	0.0	4.974352532247528e-16	1.243588133061882e-16	670
0.0	1.0	0.0	0.0	0.0	671
0.0	0.0	0.38709093031228986	0.6129090696877102	0.15322726742192755	672
0.0	0.0	0.04893550093157388	0.9510644990684262	0.23776612476710654	673
0.9277172664868497	0.07228273351315023	0.0	0.0	-0.2319293166217124	674
0.9296868403843543	0.07031315961564567	0.0	0.0	-0.23242171009608859	675
0.04435154348564874	0.9556484565143513	0.0	0.0	-0.011087885871412184	676
0.0	0.0413853241718668	0.4119641637583998	0.5466505120697335	0.1366626280174334	677
0.9031517487746465	0.09684825122535347	0.0	0.0	-0.22578793719366164	678
0.0	0.0	0.634940909173971	0.36505909082602905	0.09126477270650726	679
0.9568239851826363	0.04317601481736358	0.0	0.0	-0.23920599629565908	680
0.0	0.0	0.9357466902014561	0.06425330979854389	0.016063327449635983	681
0.0	0.0	0.1739009518698823	0.8260990481301177	0.20652476203252942	682
0.5828005286669274	0.41719947133307256	0.0	0.0	-0.14570013216673186	683
0.0	0.0	0.9500162994700552	0.04998370052994478	0.012495925132486208	684
0.0	0.0	0.04602127153915145	0.9539787284608485	0.23849468211521213	685
0.0	0.0	0.88093278606169	0.11906721393831002	0.029766803484577498	686
0.8068834705654472	0.1931165294345529	0.0	0.0	-0.2017208676413618	687
0.5871477512648889	0.3169836598692948	0.09586858886581626	0.0	-0.14678693781622223	688
0.732280904520514	0.26771909547948597	0.0	0.0	-0.1830702261301285	689
0.7361066205029875	0.2638933794970125	0.0	0.0	-0.18402665512574687	690
0.9511690011935567	0.04883099880644327	0.0	0.0	-0.23779225029838919	691
0.0	0.0	0.761301588111448	0.238698411888552	0.059674602972138	692
0.0	0.0	0.840951116698711	0.15904888330128894	0.03976222082532224	693
0.9306333746420041	0.06936662535799583	0.0	0.0	-0.23265834366050103	694
0.2923814449145516	0.5506178833723178	0.0	0.15700067171313054	-0.033845193300355264	695
0.0	0.0	0.37447359172957323	0.6255264082704267	0.1563816020676067	696
0.08485568925657791	0.9151443107434221	0.0	0.0	-0.021213922314144484	697
0.0	0.0	0.19202207864707496	0.807977921352925	0.20199448033823125	698
0.0	0.0	0.9742830179346489	0.025716982065351095	0.006429245516337778	699
0.3448755715938306	0.6551244284061695	0.0	0.0	-0.08621889289845765	700
0.9999999999999998	2.531355051994354e-16	0.0	0.0	-0.24999999999999994	701
0.31052718275710434	0.5649363092593322	0.12453650798356354	0.0	-0.07763179568927608	702
0.0	0.0	0.3123819760391332	0.6876180239608668	0.1719045059902167	703
1.0	0.0	0.0	0.0	-0.25	704
0.5848239533479996	0.3683236477072707	0.0	0.04685239894472966	-0.13449288860081748	705
0.0	0.053723040364274326	0.9462769596357252	5.170446388810874e-16	1.3877787807814457e-16	706
0.555295485632636	0.4447045143673639	0.0	0.0	-0.138823871408159	707
0.9179085846074189	0.08209141539258107	0.0	0.0	-0.22947714615185472	708
0.0	0.0	0.31409388674821453	0.6859061132517855	0.17147652831294635	709
0.9364355424995707	0.06356445750042927	0.0	0.0	-0.23410888562489268	710
0.0	0.0	0.415675477299232	0.584324522700768	0.14608113067519202	711
0.8843107871137176	0.11568921288628234	0.0	0.0	-0.2210776967784294	712
0.8524899279313839	0.14751007206861613	0.0	0.0	-0.21312248198284597	713
0.0	0.0	0.23435691693892693	0.7656430830610731	0.19141077076526827	714
0.8722658930435168	0.12773410695648318	0.0	0.0	-0.2180664732608792	715
0.0	0.0	0.0	1.0	0.25	716
0.06518978316334756	0.9348102168366523	0.0	0.0	-0.01629744579083689	717
0.0	1.0	0.0	0.0	0.0	718
0.0	0.0	0.9443527545659006	0.05564724543409946	0.013911811358524845	719
0.0	0.042308608965322604	0.3517938817143991	0.6058975093202782	0.15147437733006958	720
0.08207239762834391	0.917927602371656	0.0	0.0	-0.020518099407085988	721
0.0	0.0	0.7674172038145355	0.2325827961854644	0.0581456990463661	722
0.0	0.0	0.9685831009336905	0.03141689906630948	0.007854224766577378	723
0.0	1.0	0.0	0.0	0.0	724
0.0	1.0	0.0	0.0	0.0	725
0.9349614717350004	0.0650385282649995	0.0	0.0	-0.23374036793375008	726
1.0	0.0	0.0	0.0	-0.25	727
0.0	0.0	1.0	0.0	0.0	728
0.0	0.0	0.06933412454505547	0.9306658754549445	0.23266646886373613	729
0.0	0.8877088559111632	0.11229114408883674	0.0	1.0408340855860843e-17	730
0.9536015467115531	0.04639845328844694	0.0	0.0	-0.23840038667788827	731
0.7314438441342402	0.26855615586575987	0.0	0.0	-0.18286096103356006	732
0.0	0.0	0.9258264237224966	0.07417357627750351	0.018543394069375857	733
0.0	0.0	0.8945735244326573	0.10542647556734273	0.026356618891835687	734
0.5698930869304247	0.43010691306957527	0.0	0.0	-0.14247327173260618	735
0.18877122346049613	0.811228776539504	0.0	0.0	-0.04719280586512403	736
0.0	0.0	0.7235885583053699	0.2764114416946301	0.06910286042365751	737
0.9999999999999997	4.742294803032358e-16	0.0	0.0	-0.24999999999999992	738
0.5763327488805465	0.4236672511194536	0.0	0.0	-0.14408318722013663	739
0.0	0.0	0.12871392934739317	0.8712860706526068	0.21782151766315172	740
0.0	0.0	0.9229902087421985	0.07700979125780152	0.019252447814450374	741
0.3971659219124195	0.4899172601151656	0.11291681797241486	0.0	-0.09929148047810488	742
0.9697483741223318	0.030251625877668168	0.0	0.0	-0.24243709353058296	743
0.0	1.0	0.0	0.0	0.0	744
0.9672462786931731	0.032753721306826855	0.0	0.0	-0.2418115696732933	745
0.899341648496505	0.10065835150349495	0.0	0.0	-0.22483541212412622	746
0.0	0.0	0.007913998081032476	0.9920860019189675	0.24802150047974186	747
0.0	0.0	0.9457068472523983	0.05429315274760166	0.013573288186900428	748
0.8119875198275118	0.1880124801724882	0.0	0.0	-0.20299687995687796	749
0.0	0.008356602977503798	0.12421717964128438	0.8674262173812117	0.21685655434530293	750
4.124588036876096e-16	0.21604000844657464	0.59842669602206	0.18553329553136505	0.04638332388284114	751
0.0	0.0764000735707563	0.7967052855602441	0.12689464086899965	0.03172366021724993	752
0.0	0.0	0.9999999999999998	3.224567111717069e-16	5.551115123125783e-17	753
0.0	0.0	0.7442706573879186	0.2557293426120813	0.06393233565302034	754
0.9723754228028917	0.027624577197108334	0.0	0.0	-0.24309385570072292	755
0.0	0.0	0.9999999999999999	1.9848325856061962e-16	2.7755575615628914e-17	756
0.0	0.0	0.22751901938662122	0.7724809806133788	0.1931202451533447	757
0.9390224039684629	0.060977596031537025	0.0	0.0	-0.23475560099211573	758
0.0	0.0	0.1251577455727354	0.8748422544272646	0.21871056360681615	759
0.0	0.0	0.7876557105654698	0.21234428943453015	0.05308607235863255	760
0.30239590622613	0.69760409377387	0.0	0.0	-0.0755989765565325	761
0.8445789730653407	0.15542102693465937	0.0	0.0	-0.2111447432663352	762
0.0	0.0	0.041590527362060495	0.9584094726379395	0.23960236815948488	763
0.8601462142771502	0.13985378572284982	0.0	0.0	-0.21503655356928755	764
0.26674234477108316	0.7332576552289168	0.0	0.0	-0.06668558619277079	765
0.0	0.0	0.7972176568184257	0.20278234318157418	0.050695585795393544	766
0.0	0.0	0.1236226804147688	0.8763773195852311	0.21909432989630778	767
0.27063660316670235	0.7293633968332977	0.0	0.0	-0.06765915079167559	768
0.7651231586759784	3.391884048268634e-16	0.20315451745610358	0.0317223238679179	-0.18335020870201513	769
0.7991287361104011	0.20087126388959894	0.0	0.0	-0.19978218402760028	770
0.0	1.0	0.0	0.0	0.0	771
0.0	0.0	0.14451872383356723	0.8554812761664328	0.2138703190416082	772
0.9498600127127153	0.050139987287284735	0.0	0.0	-0.2374650031781788	773
0.0	0.04841508846597852	0.2537386715375201	0.6978462399965014	0.17446155999912538	774
0.20803087983152518	0.7919691201684748	0.0	0.0	-0.05200771995788131	775
0.0	0.0	0.9171430096891272	0.08285699031087271	0.02071424757771817	776
0.4486435583934778	0.5513564416065222	0.0	0.0	-0.11216088959836945	777
0.0	0.0	0.47163910742783316	0.5283608925721668	0.1320902231430417	778
0.0	0.0	0.7141233653334712	0.28587663466652874	0.0714691586666322	779
0.09354079824012979	0.9064592017598702	0.0	0.0	-0.02338519956003246	780
0.0	0.0	0.03547283657711564	0.9645271634228844	0.2411317908557211	781
0.18300016613573955	0.8169998338642606	0.0	0.0	-0.04575004153393489	782
0.9509648828843549	0.04903511711564516	0.0	0.0	-0.23774122072108872	783
0.852797835450301	0.14720216454969898	0.0	0.0	-0.21319945886257524	784
0.0	0.0	0.9582570499220173	0.04174295007798268	0.01043573751949567	785
0.0	0.0	0.8734503512565737	0.12654964874342625	0.031637412185856556	786
0.0	0.0	0.4030411372914781	0.5969588627085218	0.14923971567713046	787
0.401902950891298	0.598097049108702	0.0	0.0	-0.1004757377228245	788
0.9999999999999997	3.8917789804715755e-16	0.0	0.0	-0.24999999999999992	789
0.0	0.0	0.9999999999999997	3.9265415820835264e-16	8.326672684688674e-17	790
0.5002342116870163	0.4997657883129837	0.0	0.0	-0.12505855292175408	791
0.6401049196741319	0.3598950803258682	0.0	0.0	-0.16002622991853296	792
0.8409455273813512	0.15905447261864875	0.0	0.0	-0.21023638184533777	793
0.7936816441248039	0.206318355875196	0.0	0.0	-0.19842041103120098	794
0.0	0.0	0.3293413990265144	0.6706586009734856	0.1676646502433714	795
0.7714368045776027	0.22856319542239745	0.0	0.0	-0.19285920114440067	796
0.732146571855834	0.26785342814416596	0.0	0.0	-0.1830366429639585	797
0.0	0.0	0.9779226900187099	0.02207730998129014	0.0055193274953225235	798
0.4026932255032595	0.5973067744967405	0.0	0.0	-0.10067330637581487	799
0.9233200123497558	0.07667998765024427	0.0	0.0	-0.23083000308743895	800
0.29218133890366704	0.707818661096333	0.0	0.0	-0.07304533472591676	801
0.0	0.0	0.7598183824442566	0.24018161755574344	0.06004540438893585	802
0.6674341200656468	0.33256587993435316	0.0	0.0	-0.1668585300164117	803
0.30513372493507623	0.6571727775534668	0.0	0.03769349751145697	-0.06686005685590482	804
0.020858873543518036	0.6571199659734288	0.3220211604830533	0.0	-0.005214718385879502	805
0.9599574591622283	0.04004254083777166	0.0	0.0	-0.23998936479055707	806
0.0	0.0	0.457321147924203	0.5426788520757969	0.13566971301894923	807
