1	1
2	2
3	2
4	1
5	1
6	2
7	1
8	2
9	2
10	2
11	1
12	2
13	1
14	2
15	2
16	1
17	1
18	1
19	1
20	2
21	1
22	1
23	2
24	1
25	1
26	2
27	2
28	1
29	1
30	2
31	1
32	1
33	2
34	1
35	2
36	2
37	1
38	1
39	2
40	2
41	2
42	1
43	1
44	2
45	2
46	2
47	1
48	1
49	1
50	2
51	2
52	2
53	2
54	2
55	1
56	1
57	1
58	2
59	2
60	1
61	2
62	1
63	1
64	2
65	2
66	2
67	2
68	1
69	1
70	2
71	2
72	1
73	1
74	2
75	2
76	1
77	1
78	1
79	1
80	2
81	2
82	1
83	1
84	1
85	1
86	1
87	2
88	2
89	1
90	1
91	1
92	1
93	1
94	1
95	1
96	2
97	2
98	2
99	1
100	2
101	1
102	1
103	2
104	1
105	2
106	2
107	1
108	1
109	1
110	2
111	1
112	1
113	2
114	2
115	1
116	2
117	2
118	2
119	1
120	2
121	2
122	1
123	2
124	1
125	2
126	1
127	1
128	2
129	2
130	1
131	1
132	2
133	2
134	2
135	1
136	2
137	2
138	1
139	2
140	2
141	2
142	1
143	1
144	1
145	2
146	1
147	2
148	2
149	1
150	2
151	2
152	1
153	1
154	2
155	2
156	2
157	1
158	2
159	2
160	2
161	1
162	1
163	2
164	2
165	2
166	2
167	1
168	1
169	2
170	2
171	1
172	1
173	1
174	2
175	1
176	1
177	2
178	1
179	2
180	1
181	1
182	1
183	2
184	1
185	1
186	2
187	1
188	1
189	1
190	1
191	1
192	1
193	1
194	2
195	1
196	1
197	2
198	2
199	1
200	2
201	1
202	2
203	1
204	1
205	2
206	2
207	1
208	2
209	2
210	2
211	1
212	2
213	2
214	1
215	2
216	2
217	2
218	1
219	1
220	2
221	2
222	2
223	2
224	1
225	2
226	2
227	1
228	2
229	2
230	1
231	1
232	2
233	2
234	1
235	1
236	2
237	1
238	2
239	1
240	1
241	2
242	2
243	1
244	1
245	2
246	1
247	2
248	1
249	1
250	2
251	1
252	1
253	1
254	1
255	1
256	2
257	2
258	2
259	1
260	2
261	1
262	2
263	2
264	1
265	2
266	1
267	1
268	2
269	1
270	1
271	1
272	1
273	1
274	1
275	1
276	1
277	1
278	2
279	2
280	2
281	1
282	1
283	1
284	1
285	1
286	2
287	2
288	2
289	1
290	1
291	2
292	2
293	2
294	2
295	2
296	2
297	2
298	2
299	2
300	2
301	2
302	1
303	1
304	1
305	1
306	1
307	1
308	1
309	2
310	2
311	2
312	2
313	2
314	1
315	1
316	1
317	1
318	1
319	1
320	1
321	1
322	2
323	2
324	1
325	2
326	2
327	1
328	2
329	2
330	2
331	2
332	1
333	2
334	1
335	1
336	1
337	1
338	1
339	1
340	2
341	1
342	2
343	2
344	2
345	1
346	2
347	2
348	2
349	1
350	1
351	1
352	1
353	1
354	1
355	2
356	1
357	1
358	2
359	1
360	2
361	2
362	1
363	2
364	1
365	2
366	1
367	2
368	2
369	1
370	2
371	2
372	1
373	2
374	2
375	2
376	2
377	1
378	2
379	1
380	2
381	1
382	2
383	1
384	2
385	1
386	1
387	1
388	2
389	2
390	2
391	2
392	1
393	1
394	1
395	1
396	2
397	2
398	2
399	1
400	1
401	1
402	2
403	1
404	2
405	2
406	2
407	1
408	1
409	2
410	1
411	2
412	2
413	1
414	1
415	2
416	2
417	1
418	1
419	2
420	1
421	1
422	1
423	2
424	2
425	2
426	2
427	2
428	2
429	2
430	2
431	1
432	1
433	2
434	2
435	2
436	1
437	2
438	1
439	1
440	1
441	2
442	2
443	1
444	2
445	2
446	1
447	2
448	2
449	1
450	1
451	2
452	2
453	2
454	1
455	1
456	1
457	2
458	2
459	2
460	1
461	2
462	2
463	1
464	2
465	1
466	1
467	1
468	2
469	2
470	1
471	2
472	1
473	2
474	1
475	1
476	2
477	1
478	2
479	1
480	1
481	1
482	2
483	1
484	1
485	1
486	2
487	2
488	2
489	2
490	2
491	2
492	1
493	2
494	1
495	2
496	2
497	2
498	2
499	1
500	2
501	1
502	2
503	1
504	1
505	1
506	2
507	1
508	2
509	1
510	2
511	1
512	1
513	1
514	1
515	2
516	2
517	1
518	1
519	1
520	2
521	1
522	2
523	1
524	1
525	1
526	2
527	1
528	1
529	1
530	1
531	2
532	2
533	2
534	2
535	1
536	1
537	2
538	2
539	1
540	2
541	2
542	2
543	1
544	2
545	2
546	2
547	1
548	1
549	2
550	1
551	1
552	2
553	2
554	2
555	1
556	2
557	1
558	1
559	2
560	1
561	2
562	2
563	1
564	2
565	1
566	1
567	1
568	2
569	2
570	1
571	2
572	1
573	2
574	1
575	2
576	1
577	2
578	2
579	1
580	2
581	2
582	2
583	1
584	1
585	2
586	1
587	2
588	2
589	1
590	1
591	2
592	1
593	2
594	1
595	2
596	2
597	1
598	2
599	1
600	2
601	1
602	1
603	2
604	1
605	2
606	1
607	2
608	1
609	1
610	1
611	2
612	1
613	2
614	2
615	2
616	2
617	2
618	1
619	1
620	2
621	1
622	2
623	1
624	1
625	2
626	1
627	2
628	1
629	1
630	1
631	1
632	1
633	1
634	1
635	2
636	2
637	1
638	1
639	1
640	2
641	2
642	1
643	1
644	1
645	1
646	2
647	1
648	2
649	1
650	2
651	2
652	1
653	2
654	2
655	1
656	2
657	1
658	2
659	2
660	1
661	2
662	1
663	1
664	2
665	2
666	1
667	2
668	2
669	2
670	2
671	2
672	1
673	1
674	1
675	2
676	2
677	1
678	2
679	2
680	1
681	1
682	1
683	1
684	2
685	1
686	1
687	2
688	1
689	1
690	2
691	2
692	2
693	2
694	1
695	2
696	1
697	2
698	2
699	2
700	1
701	2
702	2
703	2
704	2
705	2
706	1
707	2
708	1
709	2
710	1
711	2
712	1
713	2
714	1
715	1
716	1
717	1
718	2
719	1
720	1
721	1
722	1
723	2
724	1
725	2
726	2
727	2
728	2
729	2
730	1
731	1
732	2
733	1
734	1
735	2
736	1
737	1
738	2
739	1
740	2
741	1
742	1
743	2
744	2
745	1
746	2
747	2
748	2
749	2
750	2
751	2
752	2
753	1
754	2
755	2
756	1
757	2
758	2
759	1
760	2
761	2
762	1
763	1
764	1
765	1
766	1
767	2
768	2
769	1
770	1
771	1
772	2
773	2
774	2
775	1
776	1
777	2
778	2
779	2
780	1
781	1
782	1
783	1
784	2
785	2
786	1
787	1
788	2
789	1
790	2
791	2
792	1
793	1
794	1
795	1
796	1
797	2
798	1
799	2
800	2
801	2
802	1
803	1
804	2
805	2
806	1
807	2
808	2
809	2
810	1
811	1
812	2
813	2
814	1
815	2
816	2
817	2
818	1
819	1
820	1
821	2
822	1
823	1
824	2
825	2
826	2
827	2
828	1
829	1
830	1
831	2
832	1
833	2
834	1
835	1
836	1
837	2
838	1
839	2
840	2
841	1
842	1
843	1
844	1
845	2
846	2
847	1
848	2
849	1
850	2
851	1
852	1
853	2
854	2
855	1
856	1
857	2
858	1
859	1
860	1
861	1
862	2
863	1
864	2
865	2
866	1
867	2
868	1
869	2
870	1
871	2
872	1
873	2
874	1
875	1
876	2
877	1
878	1
879	1
880	2
881	1
882	2
883	1
884	1
885	2
886	2
887	2
888	1
889	1
890	2
891	1
892	2
893	1
894	2
895	1
896	2
897	2
898	1
899	1
900	2
901	1
902	1
903	2
904	1
905	2
906	1
907	2
908	2
909	1
910	2
911	1
912	1
913	1
914	2
915	2
916	1
917	2
918	1
919	1
920	2
921	1
922	1
923	1
924	1
925	2
926	2
927	1
928	1
929	1
930	2
931	2
932	2
933	2
934	1
935	2
936	1
937	2
938	1
939	1
940	1
941	2
942	1
943	1
944	2
945	1
946	2
947	2
948	2
949	1
950	1
951	2
952	1
953	2
954	2
955	2
956	1
957	2
958	2
959	2
960	1
961	2
962	2
963	2
964	2
965	1
966	1
967	1
968	2
969	1
970	2
971	1
972	1
973	1
974	2
975	1
976	1
977	2
978	2
979	1
980	2
981	2
982	2
983	2
984	2
985	2
986	1
987	2
988	1
989	2
990	2
991	2
992	2
993	1
994	1
995	2
996	1
997	1
998	2
999	1
1000	1
1001	1
1002	2
1003	2
1004	1
1005	2
1006	2
1007	1
1008	2
1009	2
1010	2
1011	1
1012	1
1013	1
1014	2
1015	2
1016	2
1017	2
1018	1
1019	1
1020	1
1021	1
1022	2
1023	2
1024	1
1025	1
1026	2
1027	2
1028	1
1029	1
1030	2
1031	1
1032	2
1033	2
1034	2
1035	1
1036	1
1037	1
1038	2
1039	1
1040	1
1041	2
1042	2
1043	2
1044	1
1045	1
1046	2
1047	1
1048	1
1049	1
1050	2
1051	2
1052	1
1053	2
1054	1
1055	1
1056	2
1057	2
1058	2
1059	1
1060	2
1061	2
1062	1
1063	1
1064	1
1065	2
1066	2
1067	2
1068	2
1069	1
1070	2
1071	2
1072	2
1073	2
1074	2
1075	1
1076	2
1077	2
1078	2
1079	1
1080	2
1081	1
1082	2
1083	2
1084	2
1085	1
1086	2
1087	2
1088	2
1089	2
1090	1
1091	2
1092	1
1093	2
1094	1
1095	2
1096	2
1097	2
1098	1
1099	2
1100	1
1101	2
1102	2
1103	2
1104	2
1105	2
1106	2
1107	2
1108	2
1109	1
1110	2
1111	1
1112	1
1113	1
1114	1
1115	2
1116	1
1117	1
1118	2
1119	2
1120	1
1121	2
1122	2
1123	2
1124	2
1125	2
1126	2
1127	2
1128	2
1129	2
1130	1
1131	1
1132	1
1133	1
1134	1
1135	2
1136	1
1137	1
1138	1
1139	1
1140	1
1141	1
1142	2
1143	2
1144	1
1145	2
1146	2
1147	2
1148	2
1149	1
1150	1
1151	1
1152	1
1153	2
1154	1
1155	2
1156	2
1157	1
1158	2
1159	1
1160	1
1161	2
1162	1
1163	2
1164	2
1165	1
1166	1
1167	1
1168	1
1169	2
1170	2
1171	2
1172	1
1173	1
1174	1
1175	2
1176	2
1177	2
1178	1
1179	1
1180	2
1181	1
1182	1
1183	1
1184	1
1185	1
1186	2
1187	2
1188	1
1189	2
1190	2
1191	2
1192	2
1193	2
1194	2
1195	1
1196	1
1197	1
1198	1
1199	2
1200	2
1201	2
1202	1
1203	2
1204	1
1205	2
1206	2
1207	2
1208	2
1209	1
1210	2
1211	1
1212	2
1213	1
1214	2
1215	1
1216	2
1217	1
1218	2
1219	1
1220	1
1221	2
1222	2
1223	1
1224	2
1225	1
1226	2
1227	2
1228	1
1229	1
1230	1
1231	2
1232	1
1233	1
1234	1
1235	1
1236	1
1237	1
1238	1
1239	1
1240	2
1241	1
1242	2
1243	2
1244	1
1245	2
1246	1
1247	2
1248	2
1249	2
1250	1
1251	2
1252	1
1253	2
1254	1
1255	2
1256	2
1257	2
1258	2
1259	2
1260	1
1261	1
1262	2
1263	2
1264	2
1265	2
1266	2
1267	1
1268	2
1269	1
1270	2
1271	2
1272	2
1273	2
1274	1
1275	1
1276	2
1277	2
1278	2
1279	1
1280	1
1281	1
1282	1
1283	1
1284	2
1285	1
1286	1
1287	1
1288	2
1289	1
1290	1
1291	2
1292	1
1293	1
1294	2
1295	2
1296	1
1297	1
1298	1
1299	1
1300	1
1301	1
1302	2
1303	1
1304	1
1305	1
1306	2
1307	1
1308	1
1309	1
1310	1
1311	1
1312	1
1313	1
1314	2
1315	1
1316	1
1317	1
1318	2
1319	2
1320	2
1321	2
1322	2
1323	2
1324	1
1325	1
1326	1
1327	2
1328	2
1329	2
1330	2
1331	2
1332	2
1333	2
1334	2
1335	2
1336	1
1337	1
1338	1
1339	2
1340	1
1341	1
1342	1
1343	2
1344	1
1345	2
1346	1
1347	2
1348	2
1349	1
1350	1
1351	2
1352	1
1353	1
1354	1
1355	2
1356	2
1357	1
1358	2
1359	1
1360	2
1361	1
1362	1
1363	2
1364	2
1365	1
1366	2
1367	1
1368	1
1369	1
1370	2
1371	1
1372	2
1373	2
1374	1
1375	2
1376	2
1377	1
1378	1
1379	2
1380	1
1381	2
1382	2
1383	1
1384	2
1385	1
1386	1
1387	1
1388	1
1389	2
1390	2
1391	1
1392	1
1393	2
1394	1
1395	1
1396	1
1397	2
1398	2
1399	1
1400	2
1401	1
1402	2
1403	2
1404	1
1405	1
1406	1
1407	1
1408	1
1409	1
1410	1
1411	2
1412	1
1413	2
1414	1
1415	1
1416	2
1417	1
1418	2
1419	2
1420	2
1421	2
1422	1
1423	1
1424	2
1425	1
1426	1
1427	1
1428	2
1429	2
1430	2
1431	2
1432	1
1433	1
1434	2
1435	2
1436	1
1437	2
1438	2
1439	2
1440	1
1441	2
1442	2
1443	2
1444	2
1445	1
1446	1
1447	2
1448	2
1449	1
1450	2
1451	1
1452	1
1453	1
1454	2
1455	2
1456	2
1457	1
1458	2
1459	1
1460	1
1461	1
1462	2
1463	2
1464	2
1465	1
1466	1
1467	2
1468	2
1469	2
1470	2
1471	1
1472	2
1473	2
1474	1
1475	1
1476	1
1477	2
1478	2
1479	2
1480	2
1481	2
1482	2
1483	2
1484	1
1485	2
1486	1
1487	1
1488	2
1489	2
1490	2
1491	2
1492	2
1493	1
1494	2
1495	1
1496	1
1497	1
1498	2
1499	1
1500	1
1501	2
1502	2
1503	1
1504	2
1505	1
1506	1
1507	2
1508	1
1509	2
1510	2
1511	1
1512	2
1513	2
1514	1
1515	1
1516	2
1517	2
1518	2
1519	1
1520	1
1521	2
1522	1
1523	2
1524	2
1525	2
1526	1
1527	2
1528	2
1529	2
1530	2
1531	1
1532	1
1533	1
1534	1
1535	2
1536	1
1537	2
1538	2
1539	1
1540	1
1541	2
1542	1
1543	1
1544	1
1545	2
1546	2
1547	1
1548	2
1549	1
1550	1
1551	1
1552	1
1553	1
1554	2
1555	1
1556	2
1557	2
1558	1
1559	1
1560	1
1561	2
1562	1
1563	1
1564	1
1565	2
1566	1
1567	1
1568	2
1569	1
1570	1
1571	2
1572	2
1573	2
1574	1
1575	2
1576	1
1577	2
1578	1
1579	1
1580	1
1581	2
1582	2
1583	2
1584	1
1585	1
1586	1
1587	2
1588	1
1589	1
1590	2
1591	2
1592	1
1593	2
1594	1
1595	2
1596	1
1597	1
1598	1
1599	1
1600	1
1601	1
1602	1
1603	1
1604	1
1605	1
1606	1
1607	1
1608	1
1609	1
1610	2
1611	1
1612	1
1613	1
1614	2
1615	2
1616	2
1617	2
1618	2
1619	1
1620	1
1621	2
1622	1
1623	1
1624	2
1625	1
1626	1
1627	2
1628	2
1629	2
1630	2
1631	1
1632	1
1633	2
1634	2
1635	1
1636	2
1637	1
1638	1
1639	2
1640	1
1641	1
1642	1
1643	1
1644	2
1645	2
1646	2
1647	2
1648	1
1649	1
1650	1
1651	1
1652	1
1653	2
1654	1
1655	2
1656	1
1657	1
1658	1
1659	2
1660	2
1661	1
1662	2
1663	2
1664	1
1665	1
1666	2
1667	1
1668	1
1669	2
1670	1
1671	2
1672	1
1673	2
1674	1
1675	1
1676	2
1677	1
1678	1
1679	1
1680	1
1681	2
1682	2
1683	1
1684	2
1685	1
1686	1
1687	2
1688	1
1689	1
1690	2
1691	2
1692	2
1693	1
1694	2
1695	1
1696	2
1697	2
1698	2
1699	1
1700	1
1701	1
1702	2
1703	2
1704	1
1705	2
1706	2
1707	2
1708	2
1709	1
1710	2
1711	1
1712	1
1713	2
1714	1
1715	2
1716	1
1717	1
1718	1
1719	2
1720	2
1721	1
1722	1
1723	1
1724	2
1725	2
1726	1
1727	2
1728	1
1729	2
1730	1
1731	2
1732	2
1733	1
1734	1
1735	2
1736	1
1737	2
1738	1
1739	1
1740	1
1741	1
1742	2
1743	2
1744	2
1745	2
1746	1
1747	1
1748	1
1749	2
1750	1
1751	2
1752	2
1753	1
1754	2
1755	2
1756	2
1757	2
1758	1
1759	1
1760	1
1761	2
1762	1
1763	2
1764	1
1765	2
1766	2
1767	1
1768	2
1769	2
1770	1
1771	2
1772	2
1773	1
1774	2
1775	2
1776	1
1777	2
1778	1
1779	2
1780	1
1781	2
1782	2
1783	2
1784	2
1785	2
1786	2
1787	1
1788	2
1789	2
1790	1
1791	1
1792	2
1793	1
1794	1
1795	2
1796	1
1797	2
1798	2
1799	2
1800	1
1801	2
1802	1
1803	2
1804	2
1805	1
1806	1
1807	1
1808	1
1809	1
1810	2
1811	2
1812	2
1813	2
1814	1
1815	1
1816	1
1817	2
1818	2
1819	2
1820	2
1821	2
1822	1
1823	2
1824	1
1825	2
1826	2
1827	2
1828	1
1829	1
1830	1
1831	1
1832	1
1833	2
1834	2
1835	2
1836	1
1837	2
1838	1
1839	1
1840	1
1841	2
1842	1
1843	1
1844	2
1845	1
1846	1
1847	1
1848	1
1849	1
1850	2
1851	1
1852	2
1853	2
1854	1
1855	1
1856	1
1857	2
1858	1
1859	1
1860	2
1861	1
1862	2
1863	1
1864	1
1865	1
1866	2
1867	2
1868	2
1869	2
1870	1
1871	2
1872	1
1873	2
1874	1
1875	1
1876	1
1877	1
1878	1
1879	2
1880	1
1881	2
1882	1
1883	2
1884	2
1885	2
1886	2
1887	1
1888	2
1889	1
1890	2
1891	2
1892	1
1893	1
1894	1
1895	2
1896	1
1897	2
1898	2
1899	1
1900	1
1901	2
1902	1
1903	1
1904	1
1905	1
1906	1
1907	1
1908	2
1909	2
1910	1
1911	1
1912	2
1913	1
1914	2
1915	2
1916	2
1917	1
1918	1
1919	2
1920	2
1921	2
1922	1
1923	2
1924	2
1925	2
1926	1
1927	1
1928	1
1929	1
1930	2
1931	1
1932	1
1933	2
1934	1
1935	2
1936	2
1937	2
1938	2
1939	1
1940	2
1941	2
1942	2
1943	1
1944	1
1945	2
1946	2
1947	2
1948	1
1949	2
1950	1
1951	2
1952	2
1953	1
1954	2
1955	1
1956	1
1957	2
1958	2
1959	1
1960	1
1961	2
1962	1
1963	1
1964	2
1965	1
1966	1
1967	1
1968	1
1969	1
1970	1
1971	1
1972	1
1973	1
1974	2
1975	1
1976	1
1977	2
1978	2
1979	2
1980	1
1981	2
1982	2
1983	2
1984	1
1985	1
1986	1
1987	1
1988	1
1989	1
1990	2
1991	2
1992	1
1993	1
1994	2
1995	1
1996	2
1997	1
1998	2
1999	1
2000	1
2001	2
2002	1
2003	2
2004	2
2005	2
2006	2
2007	1
2008	2
2009	2
2010	1
2011	2
2012	1
2013	2
2014	1
2015	1
2016	2
2017	2
2018	2
2019	2
2020	2
2021	1
2022	2
2023	1
2024	2
2025	2
2026	1
2027	2
2028	2
2029	1
2030	1
2031	1
2032	2
2033	1
2034	2
2035	1
2036	2
2037	2
2038	2
2039	1
2040	1
2041	2
2042	2
2043	1
2044	2
2045	2
2046	2
2047	1
2048	1
2049	1
2050	1
2051	1
2052	1
2053	2
2054	1
2055	2
2056	2
2057	2
2058	1
2059	1
2060	2
2061	2
2062	2
2063	1
2064	1
2065	2
2066	2
2067	1
2068	1
2069	2
2070	2
2071	1
2072	2
2073	1
2074	1
2075	2
2076	1
2077	2
2078	2
2079	1
2080	1
2081	2
2082	2
2083	2
2084	2
2085	1
2086	2
2087	2
2088	1
2089	2
2090	1
2091	1
2092	1
2093	1
2094	1
2095	1
2096	2
2097	2
2098	1
2099	2
2100	2
2101	1
2102	1
2103	1
2104	1
2105	1
2106	2
2107	2
2108	1
2109	1
2110	1
2111	2
2112	1
2113	1
2114	1
2115	2
2116	1
2117	1
2118	1
2119	1
2120	2
2121	2
2122	2
2123	2
2124	2
2125	2
2126	2
2127	1
2128	2
2129	2
2130	1
2131	2
2132	1
2133	2
2134	2
2135	1
2136	1
2137	2
2138	2
2139	1
2140	2
2141	2
2142	2
2143	2
2144	1
2145	2
2146	1
2147	2
2148	1
2149	2
2150	1
2151	1
2152	1
2153	2
2154	1
2155	1
2156	2
2157	1
2158	2
2159	2
2160	1
2161	1
2162	1
2163	1
2164	2
2165	2
2166	2
2167	1
2168	1
2169	1
2170	1
2171	1
2172	2
2173	1
2174	1
2175	1
2176	1
2177	2
2178	1
2179	2
2180	1
2181	1
2182	2
2183	2
2184	1
2185	2
2186	2
2187	2
2188	2
2189	2
2190	2
2191	2
2192	2
2193	2
2194	2
2195	2
2196	2
2197	2
2198	2
2199	2
2200	1
2201	1
2202	2
2203	1
2204	1
2205	1
2206	2
2207	1
2208	2
2209	1
2210	1
2211	1
2212	1
2213	1
2214	1
2215	2
2216	2
2217	2
2218	2
2219	1
2220	1
2221	1
2222	2
2223	2
2224	1
2225	1
2226	2
2227	1
2228	1
2229	1
2230	2
2231	2
2232	1
2233	2
2234	1
2235	2
2236	2
2237	2
2238	1
2239	1
2240	1
2241	2
2242	1
2243	2
2244	2
2245	2
2246	2
2247	2
2248	1
2249	2
2250	1
2251	2
2252	2
2253	2
2254	1
2255	2
2256	1
2257	1
2258	1
2259	2
2260	1
2261	1
2262	2
2263	1
2264	1
2265	1
2266	2
2267	2
2268	2
2269	2
2270	1
2271	2
2272	1
2273	2
2274	1
2275	1
2276	1
2277	1
2278	1
2279	2
2280	2
2281	1
2282	1
2283	1
2284	2
2285	1
2286	2
2287	1
2288	1
2289	1
2290	1
2291	1
2292	1
2293	2
2294	2
2295	1
2296	2
2297	1
2298	2
2299	2
2300	2
2301	1
2302	2
2303	1
2304	2
2305	2
2306	1
2307	2
2308	2
2309	1
2310	2
2311	1
2312	1
2313	1
2314	1
2315	2
2316	2
2317	1
2318	1
2319	1
2320	1
2321	1
2322	2
2323	1
2324	2
2325	1
2326	1
2327	1
2328	1
2329	1
2330	2
2331	2
2332	1
2333	1
2334	2
2335	2
2336	2
2337	2
2338	1
2339	1
2340	1
2341	2
2342	1
2343	1
2344	2
2345	1
2346	2
2347	1
2348	2
2349	2
2350	2
2351	2
2352	2
2353	2
2354	2
2355	1
2356	1
2357	2
2358	2
2359	1
2360	1
2361	1
2362	2
2363	2
2364	2
2365	1
2366	1
2367	2
2368	1
2369	1
2370	1
2371	2
2372	1
2373	1
2374	2
2375	1
2376	2
2377	2
2378	2
2379	2
2380	1
2381	2
2382	2
2383	1
2384	2
2385	1
2386	1
2387	1
2388	2
2389	2
2390	1
2391	1
2392	2
2393	1
2394	1
2395	2
2396	2
2397	2
2398	2
2399	2
2400	1
2401	1
2402	2
2403	2
2404	2
2405	2
2406	1
2407	2
2408	1
2409	2
2410	2
2411	1
2412	1
2413	1
2414	2
2415	1
2416	1
2417	2
2418	2
2419	2
2420	1
2421	2
2422	2
2423	2
2424	2
2425	2
2426	1
2427	1
2428	2
2429	1
2430	2
2431	1
2432	1
2433	1
2434	2
2435	1
2436	2
2437	1
2438	1
2439	2
2440	2
2441	1
2442	2
2443	1
2444	2
2445	2
2446	1
2447	1
2448	2
2449	1
2450	1
2451	2
2452	2
2453	1
2454	1
2455	1
2456	2
2457	1
2458	2
2459	2
2460	2
2461	2
2462	1
2463	2
2464	2
2465	1
2466	1
2467	2
2468	2
2469	1
2470	1
2471	2
2472	1
2473	2
2474	1
2475	2
2476	1
2477	2
2478	1
2479	2
2480	2
2481	2
2482	2
2483	2
2484	2
2485	2
2486	1
2487	2
2488	1
2489	2
2490	2
2491	1
2492	1
2493	1
2494	1
2495	1
2496	2
2497	1
2498	2
2499	2
2500	1
2501	2
2502	1
2503	1
2504	2
2505	2
2506	2
2507	1
2508	1
2509	2
2510	2
2511	2
2512	1
2513	1
2514	2
2515	2
2516	1
2517	2
2518	1
2519	2
2520	1
2521	2
2522	2
2523	2
2524	1
2525	1
2526	1
2527	2
2528	2
2529	2
2530	2
2531	1
2532	1
2533	2
2534	1
2535	1
2536	2
2537	2
2538	1
2539	2
2540	1
2541	1
2542	1
2543	2
2544	1
2545	2
2546	1
2547	1
2548	2
2549	2
2550	1
2551	2
2552	1
2553	2
2554	1
2555	1
2556	2
2557	2
2558	2
2559	1
2560	2
2561	1
2562	2
2563	1
2564	1
2565	1
2566	1
2567	1
2568	2
2569	1
2570	1
2571	1
2572	1
2573	1
2574	2
2575	2
2576	1
2577	1
2578	2
2579	1
2580	2
2581	1
2582	1
2583	1
2584	2
2585	2
2586	2
2587	1
2588	1
2589	1
2590	2
2591	2
2592	2
2593	2
2594	2
2595	1
2596	2
2597	2
2598	2
2599	2
2600	1
2601	1
2602	2
2603	1
2604	1
2605	2
2606	2
2607	2
2608	2
2609	1
2610	1
2611	2
2612	2
2613	2
2614	2
2615	2
2616	2
2617	1
2618	2
2619	2
2620	1
2621	1
2622	2
2623	2
2624	2
2625	1
2626	2
2627	2
2628	2
2629	2
2630	2
2631	2
2632	1
2633	1
2634	1
2635	2
2636	2
2637	2
2638	2
2639	2
2640	2
2641	1
2642	1
2643	1
2644	1
2645	1
2646	1
2647	1
2648	2
2649	1
2650	1
2651	1
2652	1
2653	1
2654	2
2655	2
2656	2
2657	1
2658	1
2659	2
2660	2
2661	1
2662	2
2663	1
2664	2
2665	1
2666	2
2667	1
2668	1
2669	2
2670	1
2671	2
2672	2
2673	2
2674	1
2675	1
2676	2
2677	1
2678	1
2679	1
2680	2
2681	2
2682	2
2683	2
2684	2
2685	2
2686	1
2687	2
2688	2
2689	2
2690	2
2691	2
2692	2
2693	1
2694	2
2695	1
2696	1
2697	2
2698	2
2699	1
2700	2
2701	1
2702	1
2703	1
2704	2
2705	1
2706	1
2707	1
2708	2
2709	2
2710	2
2711	2
2712	1
2713	1
2714	1
2715	1
2716	1
2717	1
2718	1
2719	1
2720	1
2721	1
2722	1
2723	2
2724	1
2725	2
2726	1
2727	2
2728	1
2729	2
2730	2
2731	1
2732	1
2733	1
2734	2
2735	2
2736	1
2737	1
2738	1
2739	2
2740	2
2741	1
2742	2
2743	1
2744	2
2745	1
2746	2
2747	1
2748	2
2749	2
2750	2
2751	2
2752	1
2753	2
2754	1
2755	2
2756	2
2757	2
2758	1
2759	2
2760	1
2761	2
2762	1
2763	1
2764	2
2765	2
2766	2
2767	1
2768	2
2769	1
2770	2
2771	2
2772	1
2773	2
2774	1
2775	1
2776	2
2777	1
2778	2
2779	2
2780	1
2781	2
2782	1
2783	2
2784	2
2785	1
2786	2
2787	2
2788	1
2789	1
2790	2
2791	2
2792	1
2793	2
2794	2
2795	1
2796	2
2797	1
2798	1
2799	2
2800	1
2801	1
2802	1
2803	2
2804	1
2805	2
2806	2
2807	1
2808	2
2809	2
2810	1
2811	2
2812	2
2813	1
2814	1
2815	2
2816	2
2817	2
2818	1
2819	2
2820	2
2821	1
2822	1
2823	1
2824	1
2825	1
2826	1
2827	1
2828	2
2829	1
2830	2
2831	2
2832	1
2833	2
2834	1
2835	1
2836	1
2837	2
2838	1
2839	1
2840	2
2841	1
2842	2
2843	2
2844	2
2845	2
2846	2
2847	1
2848	2
2849	1
2850	2
2851	2
2852	1
2853	2
2854	2
2855	2
2856	1
2857	2
2858	1
2859	2
2860	2
2861	1
2862	1
2863	1
2864	2
2865	2
2866	1
2867	2
2868	1
2869	2
2870	2
2871	1
2872	2
2873	1
2874	2
2875	1
2876	2
2877	2
2878	2
2879	2
2880	2
2881	2
2882	1
2883	1
2884	1
2885	1
2886	2
2887	2
2888	2
2889	2
2890	1
2891	2
2892	2
2893	2
2894	1
2895	1
2896	2
2897	2
2898	2
2899	2
2900	2
2901	2
2902	1
2903	2
2904	1
2905	2
2906	1
2907	1
2908	1
2909	1
2910	1
2911	1
2912	1
2913	2
2914	2
2915	2
2916	1
2917	1
2918	2
2919	2
2920	1
2921	1
2922	1
2923	2
2924	1
2925	2
2926	1
2927	2
2928	2
2929	2
2930	2
2931	2
2932	1
2933	1
2934	2
2935	1
2936	2
2937	2
2938	1
2939	1
2940	2
2941	1
2942	2
2943	1
2944	2
2945	2
2946	2
2947	2
2948	2
2949	1
2950	2
2951	1
2952	2
2953	1
2954	1
2955	2
2956	2
2957	1
2958	2
2959	1
2960	2
2961	2
2962	1
2963	1
2964	2
2965	2
2966	1
2967	1
2968	1
2969	2
2970	2
2971	2
2972	2
2973	2
2974	2
2975	2
2976	1
2977	2
2978	1
2979	2
2980	1
2981	2
2982	2
2983	1
2984	1
2985	1
2986	1
2987	1
2988	2
2989	2
2990	1
2991	1
2992	1
2993	2
2994	1
2995	2
2996	1
2997	1
2998	2
2999	2
3000	1
3001	2
3002	2
3003	2
3004	1
3005	1
3006	2
3007	2
3008	1
3009	1
3010	2
3011	1
3012	2
3013	2
3014	1
3015	2
3016	2
3017	2
3018	2
3019	2
3020	1
3021	1
3022	1
3023	1
3024	1
3025	1
3026	2
3027	2
3028	1
3029	2
3030	2
3031	2
3032	2
3033	1
3034	1
3035	1
3036	1
3037	2
3038	1
3039	2
3040	1
3041	1
3042	2
3043	1
3044	2
3045	2
3046	2
3047	1
3048	1
3049	1
3050	2
3051	1
3052	1
3053	2
3054	1
3055	1
3056	1
3057	2
3058	2
3059	1
3060	2
3061	1
3062	2
3063	2
3064	2
3065	1
3066	2
3067	2
3068	1
3069	2
3070	2
3071	2
3072	2
3073	2
3074	2
3075	1
3076	2
3077	2
3078	1
3079	1
3080	2
3081	1
3082	2
3083	1
3084	1
3085	1
3086	2
3087	2
3088	2
3089	1
3090	2
3091	1
3092	2
3093	1
3094	1
3095	1
3096	2
3097	1
3098	1
3099	1
3100	2
3101	2
3102	2
3103	1
3104	2
3105	1
3106	1
3107	2
3108	1
3109	1
3110	2
3111	2
3112	1
3113	2
3114	2
3115	1
3116	1
3117	1
3118	1
3119	2
3120	1
3121	1
3122	2
3123	2
3124	2
3125	1
3126	2
3127	1
3128	1
3129	2
3130	1
3131	2
3132	1
3133	2
3134	1
3135	1
3136	2
3137	2
3138	1
3139	1
3140	2
3141	2
3142	2
3143	1
3144	2
3145	2
3146	2
3147	2
3148	1
3149	2
3150	2
3151	1
3152	1
3153	2
3154	1
3155	2
3156	2
3157	2
3158	2
3159	1
3160	2
3161	2
3162	1
3163	2
3164	1
3165	1
3166	1
3167	1
3168	1
3169	2
3170	1
3171	1
3172	1
3173	2
3174	1
3175	2
3176	1
3177	2
3178	1
3179	2
3180	2
3181	1
3182	2
3183	2
3184	2
3185	1
3186	2
3187	1
3188	1
3189	1
3190	2
3191	2
3192	1
3193	2
3194	2
3195	2
3196	2
3197	2
3198	1
3199	1
3200	1
3201	2
3202	2
3203	2
3204	1
3205	2
3206	1
3207	1
3208	2
3209	1
3210	1
3211	1
3212	1
3213	1
3214	1
3215	1
3216	1
3217	2
3218	1
3219	2
3220	1
3221	2
3222	1
3223	1
3224	2
3225	2
3226	2
3227	2
3228	2
3229	1
3230	2
3231	2
3232	1
3233	1
3234	2
3235	2
3236	1
3237	2
3238	2
3239	2
3240	1
3241	2
3242	1
3243	2
3244	2
3245	2
3246	2
3247	2
3248	1
3249	2
3250	1
3251	1
3252	1
3253	2
3254	1
3255	1
3256	1
3257	2
3258	1
3259	1
3260	2
3261	2
3262	2
3263	1
3264	1
3265	2
3266	2
3267	1
3268	2
3269	2
3270	1
3271	2
3272	2
3273	2
3274	2
3275	1
3276	1
3277	1
3278	1
3279	1
3280	2
3281	2
3282	2
3283	1
3284	1
3285	2
3286	1
3287	2
3288	2
3289	1
3290	1
3291	2
3292	2
3293	2
3294	2
3295	1
3296	2
3297	1
3298	1
3299	2
3300	1
3301	1
3302	2
3303	2
3304	2
3305	2
3306	1
3307	1
3308	2
3309	1
3310	1
3311	1
3312	2
3313	2
3314	1
3315	1
3316	1
3317	1
3318	2
3319	2
3320	1
3321	2
3322	2
3323	1
3324	2
3325	1
3326	2
3327	2
3328	1
3329	1
3330	1
3331	1
3332	2
3333	1
3334	1
3335	1
3336	2
3337	2
3338	1
3339	1
3340	2
3341	1
3342	1
3343	2
3344	1
3345	2
3346	1
3347	2
3348	2
3349	2
3350	1
3351	2
3352	2
3353	2
3354	1
3355	2
3356	1
3357	2
3358	1
3359	1
3360	2
3361	1
3362	1
3363	1
3364	1
3365	2
3366	1
3367	1
3368	1
3369	2
3370	1
3371	2
3372	2
3373	2
3374	2
3375	1
3376	1
3377	1
3378	1
3379	1
3380	1
3381	2
3382	1
3383	2
3384	1
3385	2
3386	2
3387	2
3388	2
3389	1
3390	1
3391	1
3392	1
3393	1
3394	1
3395	1
3396	2
3397	2
3398	2
3399	1
3400	2
3401	2
3402	1
3403	2
3404	1
3405	1
3406	2
3407	1
3408	1
3409	2
3410	1
3411	2
3412	1
3413	1
3414	1
3415	1
3416	1
3417	2
3418	1
3419	2
3420	2
3421	1
3422	1
3423	2
3424	1
3425	1
3426	1
3427	1
3428	2
3429	2
3430	2
3431	2
3432	2
3433	2
3434	2
3435	2
3436	1
3437	1
3438	2
3439	1
3440	2
3441	2
3442	2
3443	2
3444	2
3445	2
3446	2
3447	1
3448	1
3449	1
3450	2
3451	2
3452	2
3453	2
3454	2
3455	1
3456	1
3457	2
3458	1
3459	1
3460	1
3461	1
3462	1
3463	2
3464	2
3465	2
3466	1
3467	2
3468	2
3469	1
3470	2
3471	2
3472	2
3473	2
3474	1
3475	1
3476	2
3477	1
3478	1
3479	2
3480	1
3481	1
3482	1
3483	2
3484	1
3485	1
3486	1
3487	2
3488	1
3489	2
3490	2
3491	2
3492	1
3493	2
3494	2
3495	1
3496	2
3497	2
3498	2
3499	1
3500	1
3501	2
3502	1
3503	1
3504	2
3505	2
3506	2
3507	2
3508	2
3509	2
3510	2
3511	2
3512	1
3513	1
3514	1
3515	2
3516	1
3517	2
3518	1
3519	2
3520	1
3521	1
3522	2
3523	2
3524	2
3525	1
3526	1
3527	1
3528	2
3529	1
3530	1
3531	1
3532	1
3533	2
3534	2
3535	1
3536	1
3537	1
3538	1
3539	1
3540	1
3541	2
3542	1
3543	1
3544	2
3545	1
3546	1
3547	2
3548	1
3549	1
3550	2
3551	1
3552	2
3553	2
3554	2
3555	1
3556	2
3557	2
3558	2
3559	1
3560	2
3561	1
3562	1
3563	2
3564	1
3565	2
3566	2
3567	1
3568	2
3569	1
3570	1
3571	2
3572	1
3573	1
3574	1
3575	2
3576	2
3577	1
3578	1
3579	1
3580	2
3581	2
3582	2
3583	2
3584	1
3585	2
3586	2
3587	1
3588	1
3589	1
3590	1
3591	1
3592	1
3593	2
3594	1
3595	1
3596	2
3597	2
3598	1
3599	1
3600	1
3601	2
3602	2
3603	2
3604	2
3605	1
3606	2
3607	1
3608	1
3609	1
3610	2
3611	2
3612	1
3613	2
3614	1
3615	2
3616	1
3617	2
3618	2
3619	1
3620	1
3621	1
3622	2
3623	2
3624	1
3625	1
3626	2
3627	2
3628	2
3629	1
3630	2
3631	1
3632	2
3633	2
3634	1
3635	2
3636	2
3637	2
3638	1
3639	2
3640	1
3641	2
3642	2
3643	2
3644	2
3645	2
3646	1
3647	1
3648	2
3649	2
3650	1
3651	1
3652	1
3653	2
3654	1
3655	2
3656	2
3657	1
3658	1
3659	1
3660	1
3661	2
3662	2
3663	2
3664	2
3665	1
3666	2
3667	2
3668	2
3669	2
3670	2
3671	1
3672	2
3673	1
3674	2
3675	2
3676	1
3677	1
3678	2
3679	1
3680	2
3681	2
3682	2
3683	1
3684	2
3685	2
3686	2
3687	1
3688	2
3689	2
3690	1
3691	2
3692	1
3693	1
3694	2
3695	2
3696	1
3697	2
3698	1
3699	1
3700	2
3701	1
3702	1
3703	2
3704	2
3705	1
3706	1
3707	1
3708	2
3709	1
3710	1
3711	2
3712	1
3713	1
3714	1
3715	1
3716	2
3717	2
3718	1
3719	1
3720	1
3721	1
3722	1
3723	1
3724	2
3725	1
3726	2
3727	1
3728	2
3729	1
3730	2
3731	2
3732	2
3733	1
3734	2
3735	2
3736	2
3737	1
3738	1
3739	1
3740	2
3741	1
3742	1
3743	1
3744	1
3745	1
3746	1
3747	1
3748	2
3749	2
3750	1
3751	1
3752	2
3753	2
3754	1
3755	1
3756	2
3757	2
3758	2
3759	2
3760	2
3761	1
3762	1
3763	2
3764	2
3765	2
3766	1
3767	2
3768	1
3769	1
3770	2
3771	1
3772	1
3773	1
3774	2
3775	1
3776	2
3777	2
3778	2
3779	2
3780	2
3781	1
3782	1
3783	1
3784	2
3785	2
3786	2
3787	2
3788	2
3789	2
3790	1
3791	2
3792	2
3793	1
3794	1
3795	1
3796	2
3797	2
3798	1
3799	2
3800	2
3801	1
3802	2
3803	1
3804	2
3805	2
3806	2
3807	1
3808	1
3809	1
3810	1
3811	2
3812	2
3813	1
3814	1
3815	1
3816	1
3817	1
3818	1
3819	2
3820	2
3821	1
3822	1
3823	2
3824	1
3825	2
3826	1
3827	2
3828	1
3829	1
3830	1
3831	2
3832	2
3833	2
3834	2
3835	1
3836	2
3837	1
3838	1
3839	2
3840	1
3841	2
3842	2
3843	2
3844	1
3845	1
3846	2
3847	1
3848	2
3849	1
3850	2
3851	1
3852	1
3853	1
3854	1
3855	1
3856	1
3857	2
3858	1
3859	1
3860	1
3861	2
3862	2
3863	1
3864	1
3865	2
3866	1
3867	2
3868	2
3869	1
3870	1
3871	2
3872	2
3873	1
3874	2
3875	1
3876	2
3877	1
3878	1
3879	2
3880	1
3881	2
3882	2
3883	1
3884	1
3885	1
3886	1
3887	2
3888	2
3889	1
3890	2
3891	2
3892	2
3893	2
3894	2
3895	2
3896	2
3897	1
3898	2
3899	1
3900	1
3901	2
3902	2
3903	2
3904	2
3905	2
3906	2
3907	1
3908	2
3909	1
3910	1
3911	1
3912	1
3913	1
3914	1
3915	2
3916	2
3917	2
3918	1
3919	2
3920	2
3921	1
3922	2
3923	1
3924	2
3925	1
3926	2
3927	2
3928	1
3929	2
3930	2
3931	1
3932	2
3933	2
3934	1
3935	2
3936	1
3937	2
3938	1
3939	2
3940	2
3941	2
3942	1
3943	1
3944	1
3945	1
3946	2
3947	2
3948	2
3949	1
3950	1
3951	2
3952	2
3953	2
3954	1
3955	2
3956	1
3957	2
3958	1
3959	1
3960	1
3961	1
3962	2
3963	2
3964	1
3965	2
3966	1
3967	2
3968	2
3969	1
3970	1
3971	2
3972	1
3973	2
3974	1
3975	2
3976	1
3977	1
3978	2
3979	2
3980	1
3981	2
3982	2
3983	2
3984	1
3985	2
3986	2
3987	1
3988	1
3989	1
3990	1
3991	1
3992	2
3993	2
3994	1
3995	2
3996	2
3997	1
3998	2
3999	1
4000	2
4001	1
4002	2
4003	2
4004	2
4005	2
4006	1
4007	1
4008	2
4009	2
4010	2
4011	1
4012	2
4013	2
4014	1
4015	2
4016	1
4017	2
4018	1
4019	1
4020	1
4021	1
4022	1
4023	2
4024	2
4025	1
4026	2
4027	1
4028	1
4029	1
4030	1
4031	1
4032	2
4033	1
4034	1
4035	1
4036	1
4037	1
4038	1
4039	2
4040	2
4041	2
4042	1
4043	1
4044	2
4045	2
4046	1
4047	1
4048	2
4049	2
4050	1
4051	2
4052	2
4053	2
4054	2
4055	2
4056	2
4057	1
4058	2
4059	2
4060	1
4061	1
4062	1
4063	1
4064	2
4065	1
4066	1
4067	2
4068	1
4069	1
4070	1
4071	2
4072	2
4073	2
4074	1
4075	2
4076	2
4077	1
4078	1
4079	1
4080	1
4081	1
4082	1
4083	1
4084	2
4085	2
4086	1
4087	1
4088	2
4089	1
4090	1
4091	2
4092	1
4093	2
4094	1
4095	2
4096	2
4097	1
4098	1
4099	2
4100	1
4101	1
4102	2
4103	2
4104	2
4105	2
4106	2
4107	2
4108	1
4109	2
4110	2
4111	1
4112	1
4113	1
4114	1
4115	1
4116	2
4117	2
4118	1
4119	1
4120	1
4121	2
4122	1
4123	2
4124	1
4125	2
4126	1
4127	2
4128	1
4129	1
4130	2
4131	2
4132	2
4133	1
4134	1
4135	2
4136	2
4137	1
4138	1
4139	2
4140	2
4141	1
4142	1
4143	2
4144	1
4145	1
4146	2
4147	2
4148	2
4149	2
4150	1
4151	1
4152	1
4153	1
4154	2
4155	2
4156	2
4157	2
4158	1
4159	2
4160	1
4161	2
4162	2
4163	1
4164	1
4165	2
4166	1
4167	1
4168	2
4169	2
4170	2
4171	1
4172	2
4173	2
4174	1
4175	1
4176	2
4177	2
4178	2
4179	2
4180	1
4181	1
4182	2
4183	1
4184	1
4185	2
4186	2
4187	2
4188	1
4189	1
4190	2
4191	1
4192	2
4193	2
4194	2
4195	1
4196	2
4197	1
4198	2
4199	2
4200	2
4201	2
4202	2
4203	2
4204	1
4205	2
4206	1
4207	1
4208	2
4209	2
4210	1
4211	2
4212	1
4213	2
4214	2
4215	1
4216	2
4217	2
4218	1
4219	1
4220	2
4221	2
4222	1
4223	2
4224	1
4225	2
4226	2
4227	1
4228	2
4229	1
4230	2
4231	2
4232	2
4233	1
4234	1
4235	2
4236	2
4237	2
4238	2
4239	1
4240	1
4241	1
4242	1
4243	2
4244	1
4245	2
4246	2
4247	1
4248	1
4249	1
4250	1
4251	2
4252	2
4253	2
4254	1
4255	2
4256	1
4257	2
4258	2
4259	1
4260	1
4261	1
4262	1
4263	1
4264	2
4265	2
4266	1
4267	2
4268	1
4269	2
4270	1
4271	2
4272	1
4273	2
4274	2
4275	2
4276	2
4277	2
4278	2
4279	2
4280	1
4281	1
4282	1
4283	2
4284	1
4285	1
4286	1
4287	2
4288	1
4289	2
4290	1
4291	1
4292	1
4293	1
4294	1
4295	1
4296	1
4297	1
4298	1
4299	2
4300	1
4301	2
4302	2
4303	1
4304	1
4305	1
4306	1
4307	2
4308	2
4309	1
4310	2
4311	1
4312	2
4313	2
4314	1
4315	2
4316	2
4317	1
4318	1
4319	1
4320	2
4321	1
4322	2
4323	2
4324	1
4325	2
4326	2
4327	2
4328	2
4329	1
4330	1
4331	2
4332	1
4333	2
4334	1
4335	2
4336	1
4337	2
4338	1
4339	1
4340	1
4341	1
4342	1
4343	1
4344	2
4345	1
4346	1
4347	2
4348	1
4349	2
4350	2
4351	1
4352	2
4353	2
4354	1
4355	1
4356	2
4357	1
4358	1
4359	2
4360	1
4361	2
4362	2
4363	1
4364	1
4365	2
4366	1
4367	2
4368	2
4369	2
4370	2
4371	2
4372	1
4373	2
4374	2
4375	2
4376	2
4377	2
4378	2
4379	2
4380	1
4381	2
4382	2
4383	2
4384	1
4385	2
4386	2
4387	2
4388	2
4389	2
4390	1
4391	1
4392	2
4393	1
4394	2
4395	1
4396	1
4397	2
4398	1
4399	1
4400	2
4401	1
4402	2
4403	1
4404	1
4405	1
4406	2
4407	1
4408	2
4409	1
4410	2
4411	1
4412	1
4413	2
4414	1
4415	1
4416	2
4417	1
4418	1
4419	1
4420	1
4421	2
4422	2
4423	2
4424	1
4425	2
4426	2
4427	1
4428	2
4429	1
4430	1
4431	1
4432	1
4433	1
4434	1
4435	1
4436	2
4437	1
4438	1
4439	1
4440	1
4441	1
4442	1
4443	2
4444	2
4445	2
4446	2
4447	1
4448	2
4449	2
4450	1
4451	2
4452	2
4453	1
4454	1
4455	2
4456	2
4457	2
4458	1
4459	2
4460	1
4461	1
4462	1
4463	1
4464	1
4465	1
4466	2
4467	2
4468	1
4469	1
4470	1
4471	1
4472	1
4473	2
4474	1
4475	1
4476	1
4477	1
4478	1
4479	1
4480	1
4481	1
4482	2
4483	1
4484	1
4485	2
4486	2
4487	1
4488	2
4489	1
4490	1
4491	2
4492	1
4493	2
4494	1
4495	2
4496	1
4497	2
4498	1
4499	2
4500	2
4501	1
4502	1
4503	1
4504	1
4505	2
4506	1
4507	1
4508	2
4509	1
4510	2
4511	2
4512	1
4513	1
4514	2
4515	2
4516	2
4517	2
4518	1
4519	1
4520	1
4521	1
4522	1
4523	1
4524	1
4525	2
4526	1
4527	1
4528	1
4529	2
4530	1
4531	2
4532	2
4533	2
4534	1
4535	1
4536	2
4537	1
4538	1
4539	2
4540	2
4541	1
4542	2
4543	2
4544	2
4545	1
4546	1
4547	2
4548	1
4549	1
4550	1
4551	2
4552	1
4553	2
4554	2
4555	1
4556	1
4557	2
4558	1
4559	2
4560	1
4561	2
4562	1
4563	1
4564	1
4565	1
4566	1
4567	1
4568	2
4569	2
4570	2
4571	2
4572	2
4573	2
4574	2
4575	2
4576	1
4577	1
4578	1
4579	1
4580	2
4581	2
4582	2
4583	1
4584	1
4585	2
4586	2
4587	1
4588	2
4589	1
4590	1
4591	2
4592	1
4593	2
4594	1
4595	1
4596	1
4597	2
4598	2
4599	2
4600	2
4601	1
4602	2
4603	1
4604	2
4605	1
4606	1
4607	1
4608	1
4609	1
4610	2
4611	1
4612	2
4613	2
4614	1
4615	2
4616	1
4617	2
4618	1
4619	1
4620	2
4621	1
4622	1
4623	2
4624	2
4625	1
4626	1
4627	2
4628	1
4629	1
4630	1
4631	1
4632	1
4633	1
4634	2
4635	2
4636	1
4637	2
4638	2
4639	2
4640	1
4641	2
4642	2
4643	1
4644	1
4645	2
4646	1
4647	2
4648	2
4649	1
4650	2
4651	2
4652	2
4653	1
4654	1
4655	1
4656	1
4657	1
4658	2
4659	2
4660	1
4661	1
4662	1
4663	1
4664	1
4665	1
4666	1
4667	2
4668	2
4669	2
4670	2
4671	2
4672	1
4673	1
4674	1
4675	2
4676	2
4677	1
4678	1
4679	1
4680	1
4681	2
4682	2
4683	2
4684	1
4685	1
4686	1
4687	2
4688	2
4689	2
4690	2
4691	1
4692	1
4693	2
4694	1
4695	2
4696	2
4697	2
4698	2
4699	1
4700	1
4701	1
4702	2
4703	1
4704	2
4705	1
4706	2
4707	1
4708	2
4709	2
4710	2
4711	2
4712	1
4713	2
4714	2
4715	1
4716	1
4717	2
4718	1
4719	2
4720	1
4721	2
4722	2
4723	1
4724	1
4725	1
4726	1
4727	1
4728	2
4729	1
4730	2
4731	1
4732	2
4733	1
4734	1
4735	1
4736	2
4737	2
4738	2
4739	2
4740	2
4741	2
4742	1
4743	1
4744	2
4745	2
4746	2
4747	1
4748	1
4749	1
4750	1
4751	2
4752	1
4753	2
4754	2
4755	1
4756	1
4757	1
4758	1
4759	1
4760	1
4761	2
4762	1
4763	1
4764	2
4765	1
4766	2
4767	1
4768	2
4769	2
4770	1
4771	2
4772	1
4773	1
4774	1
4775	1
4776	1
4777	2
4778	1
4779	1
4780	2
4781	1
4782	2
4783	1
4784	2
4785	2
4786	1
4787	1
4788	2
4789	1
4790	2
4791	1
4792	1
4793	2
4794	2
4795	2
4796	1
4797	1
4798	1
4799	2
4800	1
4801	2
4802	1
4803	2
4804	1
4805	2
4806	2
4807	2
4808	2
4809	2
4810	1
4811	2
4812	2
4813	2
4814	2
4815	2
4816	1
4817	2
4818	1
4819	1
4820	2
4821	2
4822	2
4823	2
4824	2
4825	2
4826	1
4827	1
4828	1
4829	1
4830	2
4831	2
4832	2
4833	1
4834	1
4835	1
4836	1
4837	1
4838	1
4839	2
4840	1
4841	2
4842	2
4843	2
4844	2
4845	2
4846	2
4847	2
4848	1
4849	2
4850	2
4851	1
4852	1
4853	2
4854	1
4855	2
4856	2
4857	2
4858	2
4859	1
4860	2
4861	1
4862	2
4863	1
4864	2
4865	1
4866	1
4867	1
4868	2
4869	2
4870	1
4871	1
4872	2
4873	2
4874	1
4875	2
4876	1
4877	1
4878	1
4879	1
4880	2
4881	1
4882	1
4883	2
4884	1
4885	2
4886	1
4887	2
4888	1
4889	2
4890	1
4891	1
4892	1
4893	1
4894	2
4895	2
4896	1
4897	2
4898	2
4899	2
4900	1
4901	2
4902	2
4903	1
4904	1
4905	2
4906	1
4907	2
4908	2
4909	2
4910	2
4911	2
4912	1
4913	1
4914	2
4915	1
4916	2
4917	2
4918	2
4919	2
4920	1
4921	1
4922	2
4923	2
4924	1
4925	2
4926	2
4927	1
4928	2
4929	1
4930	2
4931	2
4932	1
4933	1
4934	1
4935	2
4936	1
4937	1
4938	1
4939	1
4940	1
4941	2
4942	1
4943	1
4944	2
4945	1
4946	2
4947	1
4948	2
4949	2
4950	1
4951	2
4952	2
4953	2
4954	2
4955	1
4956	1
4957	1
4958	1
4959	1
4960	2
4961	2
4962	2
4963	2
4964	1
4965	1
4966	2
4967	2
4968	1
4969	2
4970	2
4971	1
4972	1
4973	1
4974	2
4975	1
4976	1
4977	1
4978	2
4979	2
4980	1
4981	2
4982	2
4983	1
4984	2
4985	1
4986	1
4987	2
4988	1
4989	2
4990	2
4991	1
4992	1
4993	2
4994	2
4995	2
4996	1
4997	1
4998	1
4999	2
