0.9872626566619891	0.0	0.0	0.0	0.0	0.0	0.0	0.0	4.013136685907089e-16	0.012737343338010495	-0.09745253133239787	1
0.0	0.9990905290230969	0.0	3.460526948905828e-16	0.0	0.0	0.0	0.0	0.0	0.0009094709769027877	9.094709769027877e-05	2
0.0	0.0	0.694435463174782	0.30487431919732816	0.0	0.0	0.0	0.0	0.0	0.0006902176278899452	6.902176278900007e-05	3
0.6613939920595823	0.33860600794041745	0.0	0.0	0.0	3.6077575553555416e-16	0.0	0.0	0.0	0.0	-0.06613939920595822	4
0.9999999999999998	0.0	0.0	0.0	0.0	2.807873061113749e-16	0.0	0.0	0.0	0.0	-0.09999999999999998	5
0.0	0.0	1.0	0.0	0.0	0.0	0.0	0.0	0.0	0.0	0.0	6
0.0	0.2958529194461998	0.0	0.0	0.0	0.0	0.010004916031054465	0.6941421645227457	0.0	0.0	0.0	7
0.0	0.0	0.46862819602428796	0.5185675058796367	0.000979168875763628	0.0	0.0	0.0	0.0	0.01182512922031157	0.0011825129220311601	8
0.0	0.8062848294757916	0.0	0.19259854402909	0.0011166264951183837	0.0	0.0	0.0	0.0	0.0	-1.1275702593849246e-18	9
0.0	0.0	0.0	0.0	1.0	0.0	0.0	0.0	0.0	0.0	0.0	10
0.18191798285180388	0.17713948732538912	0.0	4.013136685907089e-16	0.0	0.6282051864847961	0.0	0.0	0.012737343338010495	0.0	-0.01819179828518039	11
0.0	0.9989903355965013	0.0010096644034983326	0.0	3.8417618224120354e-16	0.0	0.0	0.0	0.0	0.0	3.447762908503904e-18	12
0.0	3.1840912584336837e-16	0.1909819411862055	0.0	0.8090180588137942	0.0	0.0	0.0	0.0	0.0	0.0	13
0.0	0.0	0.0	0.7797752312676081	0.0	4.2535009629047165e-16	0.0	0.22022476873239147	0.0	0.0	0.0	14
0.22987909441756266	0.0	0.0	0.7691136509127412	0.0	0.0	0.0	0.0	0.0010072546696957448	3.83259281210239e-16	-0.022987909441756223	15
0.0	0.0	0.0009975014547223544	3.795481937636853e-16	0.0	0.8194237456736265	0.012046526285204426	0.0	0.0	0.16753222658644631	0.01675322265864463	16
0.0	0.0	0.9911193323449866	0.0006791214402025865	0.0	0.0	0.008201546214810751	0.0	0.0	0.0	-3.989863994746656e-18	17
0.0	0.0	0.0	0.0	3.1840912584336837e-16	0.0	0.9999999999999997	0.0	0.0	0.0	0.0	18
0.0	0.0	0.0010535926927825667	0.0	0.9862224839410729	0.0	0.0	0.0	4.00890847441968e-16	0.012723923366144103	0.0012723923366144102	19
0.0	0.0	0.0	3.787313708641427e-16	0.0	0.0	0.0	0.9999999999999997	0.0	0.0	0.0	20
0.9999999999999998	0.0	0.0	0.0	0.0	2.62808434533129e-16	0.0	0.0	0.0	0.0	-0.09999999999999998	21
0.0	0.9891261340742474	0.0	0.0	0.0	0.0	3.4260135026781363e-16	0.010873865925752237	0.0	0.0	0.0	22
0.23011087467062244	0.16934086657954547	0.0	3.8364571014328965e-16	0.0	0.3600705989299324	0.0	0.24047765981989938	0.0	0.0	-0.023011087467062243	23
0.0	0.0	0.0	0.9991704695485878	0.0	3.156354138781851e-16	0.0	0.000829530451411955	0.0	0.0	0.0	24
0.9872626566619891	0.0	0.0	4.013136685907089e-16	0.0	0.012737343338010495	0.0	0.0	0.0	0.0	-0.09872626566619891	25
2.781036372695951e-16	0.0	0.0	0.00882676516823323	0.9904423427150391	0.0	0.0007308921167273942	0.0	0.0	0.0	-2.2204460492503132e-17	26
0.9991704695485878	0.0	0.0	0.0	0.0	0.0	0.000829530451411955	0.0	0.0	3.156354138781851e-16	-0.09991704695485874	27
0.0	0.0	0.01131046854842725	0.0	0.9877529785762008	0.0009365528753715879	0.0	3.5635732712832293e-16	0.0	0.0	5.551115123125783e-18	28
0.0	0.57752869220306	0.0	0.0	0.0	0.0	0.0	0.0	0.4224713077969399	0.0	0.0	29
0.0	0.0	0.0	4.2535009629047165e-16	0.9999999999999997	0.0	0.0	0.0	0.0	0.0	-1.1102230246251566e-17	30
0.0	0.0	0.0	0.0	0.0	0.9999999999999997	3.1840912584336837e-16	0.0	0.0	0.0	1.4657781544178589e-18	31
0.0	0.0	0.0	0.0	0.9999999999999997	0.0	0.0	0.0	3.845644632906385e-16	0.0	0.0	32
0.0	0.2962395499643854	0.0	0.0008295304514122707	0.0	0.0	0.0	0.7029309195842023	0.0	0.0	0.0	33
0.9999999999999997	0.0	0.0	3.7740507494818693e-16	0.0	0.0	0.0	0.0	0.0	0.0	-0.09999999999999996	34
0.0	0.0	0.9917984537851893	0.0	0.0	0.008201546214810751	0.0	0.0	0.0	0.0	0.0	35
0.98667959026726	0.0	0.0	0.0	0.0	0.0	0.0	0.0	0.0	0.01332040973273993	-0.09733591805345201	36
0.0	0.0	0.8233886587768235	0.0	0.0	0.0	0.1758739402411456	0.0007374009820306028	0.0	2.8058025327610667e-16	2.726655774169625e-17	37
0.0	3.181428974647503e-16	0.0	0.0	0.0	0.9999999999999997	0.0	0.0	0.0	0.0	0.0	38
0.0	0.0	3.127616161722739e-16	0.0	0.009926778975974155	0.9900732210240255	0.0	0.0	0.0	0.0	0.0	39
0.0	0.0	0.9999999999999997	0.0	0.0	3.770311094549611e-16	0.0	0.0	0.0	0.0	0.0	40
0.0	0.0	0.0	0.0	0.0	0.0	0.0	0.0	1.0	0.0	0.0	41
3.8364571014328965e-16	0.0	0.7595223401801002	0.0	0.0	0.0	0.24047765981989938	0.0	0.0	0.0	-3.3306690738754695e-17	42
3.149625392505304e-16	0.0	0.9891756036083792	0.0	0.0	0.000827762050373669	0.0	0.0	0.009996634341246785	0.0	-3.3306690738754695e-17	43
3.149625392505304e-16	0.0	0.0	0.0	0.0	0.0	0.0	0.009996634341246785	0.9891756036083792	0.000827762050373669	8.277620503733818e-05	44
0.0010535926927829674	0.0	0.0	0.0	0.0	0.012723923366144103	0.0	0.0	0.9862224839410729	0.0	-0.00010535926927829342	45
0.0	0.5771332367395933	0.0006847373451841209	0.0	0.0	0.0	0.0	0.0	0.4221820259152226	0.0	5.551115123125783e-18	46
3.791087185237659e-16	0.0	0.0	0.0	0.0	0.0	0.0	0.0	0.9999999999999997	0.0	-3.3306690738754695e-17	47
0.0	0.0	0.0	0.0	0.0	0.0	0.0	0.0	0.9999999999999997	3.4636770626676883e-16	3.3306690738754695e-17	48
0.0	0.0	0.0	0.0	0.0	0.0	0.9999999999999998	0.0	0.0	2.8058025327610667e-16	2.8058025327610666e-17	49
0.0	0.0	0.013305733718757772	0.7685406175340486	0.21815364874719329	0.0	0.0	4.1922186363862447e-16	0.0	0.0	5.551115123125783e-18	50
0.0	0.1651860461447981	0.0	0.0	0.0	0.8219525992844153	0.0	0.011877822478563595	0.0009835320922229255	0.0	4.336808689942018e-20	51
2.62808434533129e-16	0.9999999999999998	0.0	0.0	0.0	0.0	0.0	0.0	0.0	0.0	-2.2204460492503132e-17	52
0.0	0.010004916031054467	0.9899950839689452	3.15223469275784e-16	0.0	0.0	0.0	0.0	0.0	0.0	1.7843438111762946e-18	53
0.8366130231783568	0.0	0.0	0.1633869768216429	0.0	0.0	3.6043400460114797e-16	0.0	0.0	0.0	-0.08366130231783568	54
0.3656287254449776	0.009996634341246785	0.18891467695116487	0.4346322012122371	0.0	0.0	0.0	0.000827762050373669	0.0	0.0	-0.03656287254449776	55
0.0	0.2015975061586721	0.0	0.0	2.62808434533129e-16	0.0	0.0	0.7984024938413276	0.0	0.0	0.0	56
0.0	0.0	0.0	0.0	0.0	3.791087185237659e-16	0.0	0.0	0.0	0.9999999999999997	0.09999999999999996	57
0.0	0.0	0.0	0.0	4.052813191383878e-16	0.0	0.0	0.9860715955017642	0.013928404498235434	0.0	-3.122502256758253e-18	58
0.0	0.0	0.0	0.0	0.0	0.0	0.0	4.105624966497407e-16	0.9999999999999997	0.0	-1.1102230246251566e-17	59
0.0	0.41902004573055046	0.0	0.0	0.0	0.0	4.105624966497407e-16	0.580979954269449	0.0	0.0	0.0	60
0.0	0.0	0.0	0.012876988766608052	0.0	0.7770651010975129	0.0	0.0	0.0	0.21005791013587904	0.021005791013587904	61
0.8071807908430525	0.0	0.0	0.17889080465871157	0.0	0.0	0.0	0.001065131416918408	0.012863273081317432	0.0	-0.08071807908430526	62
0.821109195341288	0.0	0.0	0.17889080465871157	0.0	0.0	4.052813191383878e-16	0.0	0.0	0.0	-0.0821109195341288	63
0.0	0.0	0.0	0.0	0.3887249755151327	0.0	0.0	0.001065131416918408	0.6102098930679489	0.0	0.0	64
4.1100597663211217e-16	0.4194726613591338	0.0	0.0	0.0	0.0	0.0	0.5805273386408657	0.0	0.0	-3.3306690738754695e-17	65
0.0	0.0	0.0	0.0	0.0	0.5979835510536591	4.0571345728801183e-16	0.0	0.0	0.4020164489463405	0.040201644894634056	66
0.0	0.0	0.0	0.0	4.1047046625222193e-16	0.6245421189469132	0.013027972052703824	0.0	0.0	0.3624299090003824	0.036242990900038234	67
0.0	3.6240548492581664e-16	0.0	0.0	0.0	0.0	0.9990475517882769	0.0	0.0	0.0009524482117228567	9.524482117228567e-05	68
0.0	0.0	0.0	0.000749645830209964	0.9992503541697898	0.0	0.0	0.0	0.0	2.8523940438549593e-16	2.852394043854959e-17	69
0.0	0.13910557600173573	0.0	0.0	0.0	0.0	0.0	0.8608944239982642	0.0	0.0	0.0	70
0.0	0.0	0.0	0.0	0.0	0.9869720279472958	0.0	4.1047046625222203e-16	0.0	0.013027972052703828	0.0013027972052703828	71
0.0	0.0	0.0007429199911752781	0.0	0.0	0.5143156241879981	0.0	2.826802301155488e-16	0.0	0.4849414558208264	0.048494145582082634	72
0.0	0.0	0.0008193723001515691	0.0	0.0	0.0	0.9892853138590363	0.0	0.0	0.00989531384081207	0.000989531384081207	73
0.0	0.0	0.0	0.0	0.0	1.0	0.0	0.0	0.0	0.0	0.0	74
0.0	0.0	0.0	0.0	0.0	0.0	0.9999999999999999	1.740874485475525e-16	0.0	0.0	-6.3065146085036854e-18	75
1.730520939801112e-16	0.0	0.0	0.0	0.9940526753876887	0.0	0.0	0.005492521458655762	0.0	0.00045480315365533584	4.548031536551138e-05	76
0.0	0.0007429199911752781	0.008972022205208584	0.4849414558208264	0.0	0.5053436019827895	2.826802301155488e-16	0.0	0.0	0.0	5.038667727199817e-18	77
0.0	4.109137473313904e-16	0.3617413752781777	0.6252165833170314	0.0	0.013042041404790535	0.0	0.0	0.0	0.0	-1.1102230246251566e-17	78
0.0	0.0	0.0	0.0	0.0	4.163437193578804e-16	0.0	0.0	0.9999999999999997	0.0	0.0	79
0.0	0.0	0.0	0.9995426850340808	0.0	1.7400783575195307e-16	0.0	0.0	0.0	0.0004573149659190104	4.573149659190104e-05	80
0.0008275612787270773	0.0	0.0	0.0	0.0	0.0	0.0	0.0	0.9991724387212729	0.0	-8.275612787270737e-05	81
0.0	0.0	0.9869720279472958	4.1047046625222203e-16	0.0	0.0	0.013027972052703828	0.0	0.0	0.0	3.2959746043559333e-18	82
0.0	0.0	0.0	1.730520939801112e-16	0.0	0.0	0.9940526753876887	0.00045480315365533584	0.0	0.005492521458655762	0.000549252145865574	83
2.0906638468392015e-16	0.0	0.0	0.0	0.0	0.0	0.0	0.9999999999999998	0.0	0.0	-2.2204460492503132e-17	84
0.0	0.8689525423938188	0.0	2.0906638468392015e-16	0.0	0.13104745760618106	0.0	0.0	0.0	0.0	0.0	85
0.0	0.0	0.0	2.0895157554278411e-16	0.0	0.9994508483929176	0.0	0.0005491516070821502	0.0	0.0	0.0	86
0.6743028464916525	0.0	0.0	0.32478768253144435	0.0	0.0	0.0	3.460526948905828e-16	0.0	0.0009094709769027877	-0.06733933755147498	87
0.9989328287013951	0.0	4.060574918505227e-16	0.0	0.0	0.0	0.0	0.0010671712986045595	0.0	0.0	-0.09989328287013952	88
0.26193538268587785	0.0	0.0	0.7284732253877635	0.0	0.0	0.0007334718685141863	0.0	0.00885792005784444	0.0	-0.026193538268587786	89
0.0	0.0	0.0	0.0	0.0	0.0	0.9890008426248352	0.0	0.01099915737516471	0.0	0.0	90
0.25234088794249065	0.5532088732969793	0.0	0.18172631539438586	0.0	0.0	0.0	0.0	0.012723923366144103	0.0	-0.025234088794249064	91
0.0	0.0	0.9911355781380892	0.0	0.008864421861910794	0.0	0.0	0.0	0.0	0.0	0.0	92
0.8311510828976872	3.462335493049891e-16	0.0	0.16793897081675468	0.0009099462855577291	0.0	0.0	0.0	0.0	0.0	-0.08311510828976873	93
0.0	0.005749407916881135	0.9942505920831188	0.0	0.0	0.0	0.0	0.0	0.0	0.0	0.0	94
0.5651735592924328	0.0	0.0	0.4348264407075669	4.0605749185052277e-16	0.0	0.0	0.0	0.0	0.0	-0.056517355929243285	95
0.0	0.0	0.0	4.064912876858739e-16	0.0	0.43906280549771576	0.0	0.0	0.0	0.5609371945022837	0.056093719450228376	96
0.0	0.2512872952497081	0.0	0.0	0.0	0.0	0.0	0.0010535926927829674	0.7349351886913649	0.012723923366144103	0.001272392336614414	97
0.9999999999999997	3.7740507494818693e-16	0.0	0.0	0.0	0.0	0.0	0.0	0.0	0.0	-0.09999999999999996	98
0.0	0.0	0.0009094709769027877	0.0	3.460526948905828e-16	0.0	0.9990905290230969	0.0	0.0	0.0	0.0	99
0.0	0.0	0.0	0.999009113766482	0.0	0.0	0.0009908862335176016	3.770311094549611e-16	0.0	0.0	5.440613549734873e-21	100
3.4260135026781363e-16	0.6875224899447874	0.0	0.0	0.010873865925752237	0.3016036441294601	0.0	0.0	0.0	0.0	-3.3306690738754695e-17	101
0.0	0.0	0.6743028464916525	0.3247876825314447	0.0	0.0	0.0009094709769027877	0.0	0.0	0.0	-5.551115123125783e-18	102
0.01099915737516471	0.0	0.0	0.0	0.0	0.0	0.0	0.989000842624835	3.465488901803729e-16	0.0	-0.0010999157375164673	103
0.0	0.0	0.9999999999999997	3.7740507494818693e-16	0.0	0.0	0.0	0.0	0.0	0.0	-4.433816756063996e-18	104
0.0	0.0	0.0	0.0	0.0	0.0	0.0	0.9990799430720178	3.5008063749892665e-16	0.0009200569279819352	9.200569279819182e-05	105
0.0	0.0	0.0	0.0004785982069342446	0.0	0.0	0.0	0.9995214017930656	1.8210608527983747e-16	0.0	3.993851964519384e-18	106
0.0	0.0	0.0	0.0	1.0	0.0	0.0	0.0	0.0	0.0	0.0	107
0.0	0.0	0.0	0.0	0.0	0.0	0.0	0.0	1.0	0.0	0.0	108
0.9881632806324923	3.7293783698815213e-16	0.0	0.011836719367507383	0.0	0.0	0.0	0.0	0.0	0.0	-0.09881632806324922	109
0.00360373613859597	0.996396263861404	0.0	0.0	0.0	0.0	0.0	0.0	0.0	0.0	-0.0003603736138595992	110
0.0	1.0	0.0	0.0	0.0	0.0	0.0	0.0	0.0	0.0	0.0	111
0.0	1.0	0.0	0.0	0.0	0.0	0.0	0.0	0.0	0.0	0.0	112
0.0	0.0	0.0	0.0	0.0	1.0	0.0	0.0	0.0	0.0	0.0	113
0.0	0.9913886418937349	0.007952831276255201	0.0006585268300098498	0.0	0.0	0.0	0.0	0.0	0.0	3.3501847129802085e-18	114
0.9962322883721957	0.0	0.0	0.0	0.0	0.0	0.0	0.0	0.003767711627804272	0.0	-0.09962322883721957	115
0.0	0.0	0.0	1.0	0.0	0.0	0.0	0.0	0.0	0.0	0.0	116
0.0	0.0	0.9564787580880061	0.0	0.0	0.043521241911993934	0.0	0.0	0.0	0.0	0.0	117
0.9793940160891054	0.0	0.019030205375543334	0.0	0.00157577853535124	0.0	0.0	0.0	0.0	0.0	-0.09793940160891054	118
0.0	0.0	0.04367864823512387	0.0	0.9563213517648762	0.0	0.0	0.0	0.0	0.0	0.0	119
0.0	0.04367864823512387	0.9563213517648762	0.0	0.0	0.0	0.0	0.0	0.0	0.0	-1.1102230246251566e-17	120
0.9528750219494101	0.0	0.0	0.043521241911993934	0.0	0.0	0.0	0.00360373613859597	0.0	0.0	-0.095287502194941	121
0.0	0.0	0.0	0.0	0.007958071880103397	0.0	0.0	0.0	0.9920419281198966	0.0	0.0	122
0.9563213517648762	0.0	0.0	0.04367864823512387	0.0	0.0	0.0	0.0	0.0	0.0	-0.09563213517648762	123
0.0	0.0	0.0	0.0	0.0	0.0	0.0	1.0	0.0	0.0	0.0	124
0.0	0.0	0.0	0.0	0.0	0.007958071880103397	0.0	0.9920419281198966	0.0	0.0	0.0	125
0.0	0.0	0.0	0.0	0.0	0.0	0.0	0.0	0.0	1.0	0.1	126
0.0	0.0	0.0	0.0	1.0	0.0	0.0	0.0	0.0	0.0	0.0	127
0.0	0.003767711627804272	0.0	0.0	0.9962322883721957	0.0	0.0	0.0	0.0	0.0	0.0	128
0.0	1.0	0.0	0.0	0.0	0.0	0.0	0.0	0.0	0.0	0.0	129
0.0	0.0	0.0	1.0	0.0	0.0	0.0	0.0	0.0	0.0	0.0	130
0.047124978050589905	0.9528750219494101	0.0	0.0	0.0	0.0	0.0	0.0	0.0	0.0	-0.00471249780505899	131
0.0	0.0	0.0	0.0	1.0	0.0	0.0	0.0	0.0	0.0	0.0	132
0.0	0.9563213517648762	0.0	0.0	0.04367864823512387	0.0	0.0	0.0	0.0	0.0	0.0	133
0.0	0.0	1.0	0.0	0.0	0.0	0.0	0.0	0.0	0.0	0.0	134
0.0	0.0	1.0	0.0	0.0	0.0	0.0	0.0	0.0	0.0	0.0	135
0.0	0.0	0.0	0.0	0.003767711627804272	0.9962322883721957	0.0	0.0	0.0	0.0	0.0	136
0.0	0.0	0.0	0.0	0.0	0.003767711627804272	0.0	0.0	0.0	0.9962322883721957	0.09962322883721957	137
0.9564787580880061	0.0	0.0	0.0	0.043521241911993934	0.0	0.0	0.0	0.0	0.0	-0.0956478758088006	138
0.0	0.9962322883721957	0.0	0.0	0.0	0.0	0.003767711627804272	0.0	0.0	0.0	0.0	139
1.0	0.0	0.0	0.0	0.0	0.0	0.0	0.0	0.0	0.0	-0.1	140
0.0	0.0	0.9528750219494101	0.0	0.0	0.043521241911993934	0.0	0.00360373613859597	0.0	0.0	0.0	141
0.0	0.0	0.0	0.04367864823512387	0.9563213517648762	0.0	0.0	0.0	0.0	0.0	-1.1102230246251566e-17	142
0.0	0.9528750219494101	0.0	0.00360373613859597	0.0	0.0	0.0	0.043521241911993934	0.0	0.0	0.0	143
0.0	1.0	0.0	0.0	0.0	0.0	0.0	0.0	0.0	0.0	0.0	144
0.0006585268300098498	0.007952831276255201	0.0	0.0	0.0	0.0	0.9913886418937349	0.0	0.0	0.0	-6.585268300098867e-05	145
0.0	1.0	0.0	0.0	0.0	0.0	0.0	0.0	0.0	0.0	0.0	146
0.0	0.9563213517648762	0.04367864823512387	0.0	0.0	0.0	0.0	0.0	0.0	0.0	-7.632783294297952e-18	147
0.0	0.0	0.0	0.0	0.0	0.0	1.0	0.0	0.0	0.0	0.0	148
0.0	0.0	0.9993361940331354	0.0	0.0	0.0	0.0	0.0	0.0006638059668644946	0.0	0.0	149
0.0	0.0	0.00360373613859597	0.0	0.0	0.0	0.043521241911993934	0.9528750219494101	0.0	0.0	0.0	150
0.9962322883721957	0.0	0.0	0.0	0.0	0.003767711627804272	0.0	0.0	0.0	0.0	-0.09962322883721957	151
0.0	0.0	0.0	0.0	0.0	1.0	0.0	0.0	0.0	0.0	0.0	152
0.0	0.9563213517648762	0.0	0.0	0.04367864823512387	0.0	0.0	0.0	0.0	0.0	0.0	153
0.0	0.0	0.0	0.0	1.0	0.0	0.0	0.0	0.0	0.0	0.0	154
0.0	0.0	0.0	0.9563213517648762	0.0	0.0	0.0	0.0	0.0	0.04367864823512387	0.004367864823512388	155
0.0	0.0	0.0	0.0	0.0	1.0	0.0	0.0	0.0	0.0	0.0	156
0.0	0.04367864823512387	0.0	0.0	0.0	0.9563213517648762	0.0	0.0	0.0	0.0	0.0	157
0.8095027902968766	0.19049720970312348	0.0	0.0	0.0	0.0	0.0	0.0	0.0	0.0	-0.08095027902968766	158
0.0	0.0	0.0	0.0	0.0	0.0	0.0	0.0	0.0	1.0	0.1	159
0.0006638059668644946	0.0	0.0	0.0	0.0	0.0	0.0	0.0	0.9993361940331354	0.0	-6.638059668644392e-05	160
0.0	0.9528750219494101	0.0	0.0	0.0	0.0	0.0	0.0	0.00360373613859597	0.043521241911993934	0.004352124191199394	161
0.0	0.0	1.0	0.0	0.0	0.0	0.0	0.0	0.0	0.0	0.0	162
0.0	0.0	0.0	0.003767711627804272	0.0	0.9962322883721957	0.0	0.0	0.0	0.0	0.0	163
0.0	0.0	0.0	0.0	0.0	0.0	0.0	0.0	1.0	0.0	0.0	164
0.0	0.003767711627804272	0.0	0.0	0.0	0.9962322883721957	0.0	0.0	0.0	0.0	0.0	165
0.0	0.9564787580880061	0.0	0.043521241911993934	0.0	0.0	0.0	0.0	0.0	0.0	0.0	166
0.0	0.0	0.0	1.0	0.0	0.0	0.0	0.0	0.0	0.0	0.0	167
0.0	0.9528750219494101	0.0	0.00360373613859597	0.043521241911993934	0.0	0.0	0.0	0.0	0.0	0.0	168
0.0	0.0	0.0	0.0	0.0	0.0	0.0	0.0	0.0	1.0	0.1	169
0.0	0.9528750219494101	0.0	0.0	0.0	0.0	0.043521241911993934	0.00360373613859597	0.0	0.0	1.3010426069826053e-19	170
0.0	1.0	0.0	0.0	0.0	0.0	0.0	0.0	0.0	0.0	0.0	171
0.9962322883721957	0.0	0.003767711627804272	0.0	0.0	0.0	0.0	0.0	0.0	0.0	-0.09962322883721957	172
0.9528750219494101	0.0	0.0	0.0	0.0	0.0	0.043521241911993934	0.00360373613859597	0.0	0.0	-0.095287502194941	173
0.0	0.0	0.0	0.0	0.0	0.9809397599072398	0.0	0.01906024009276015	0.0	0.0	0.0	174
0.0	0.0	0.0	0.0	0.0	0.0	0.0	0.0	0.0	1.0	0.1	175
0.0	0.0	0.0	0.0	0.0	1.0	0.0	0.0	0.0	0.0	0.0	176
0.9962322883721957	0.0	0.003767711627804272	0.0	0.0	0.0	0.0	0.0	0.0	0.0	-0.09962322883721957	177
0.0	0.0	0.0	0.0	0.0	0.0	1.0	0.0	0.0	0.0	0.0	178
0.0	0.0	0.0	0.0	0.9993414731699901	0.0	0.0	0.0	0.0006585268300098498	0.0	0.0	179
0.0	0.0	0.9528750219494101	0.0	0.043521241911993934	0.0	0.00360373613859597	0.0	0.0	0.0	0.0	180
1.0	0.0	0.0	0.0	0.0	0.0	0.0	0.0	0.0	0.0	-0.1	181
0.00360373613859597	0.0	0.043521241911993934	0.0	0.0	0.9528750219494101	0.0	0.0	0.0	0.0	-0.0003603736138595992	182
0.0	0.0	0.0	0.0006638059668644946	0.0	0.9993361940331354	0.0	0.0	0.0	0.0	0.0	183
0.0	0.0	0.0	0.007952831276255201	0.9920471687237448	0.0	0.0	0.0	0.0	0.0	0.0	184
0.0	0.0	1.0	0.0	0.0	0.0	0.0	0.0	0.0	0.0	0.0	185
0.0	0.0	0.0	0.0	0.0	0.0	1.0	0.0	0.0	0.0	0.0	186
0.0	0.0	0.0	0.0	0.003767711627804272	0.0	0.0	0.9962322883721957	0.0	0.0	0.0	187
0.0	0.0	0.0	0.003767711627804272	0.9962322883721957	0.0	0.0	0.0	0.0	0.0	0.0	188
0.0	0.04367864823512387	0.0	0.0	0.0	0.9563213517648762	0.0	0.0	0.0	0.0	0.0	189
0.0	0.0016063476612493389	0.9983936523387507	0.0	0.0	0.0	0.0	0.0	0.0	0.0	0.0	190
0.0	0.0	0.0	0.0	0.0	0.0	1.0	0.0	0.0	0.0	0.0	191
0.0	0.0	0.0	0.0	0.0	0.0	0.9563213517648762	0.04367864823512387	0.0	0.0	-7.632783294297952e-18	192
1.0	0.0	0.0	0.0	0.0	0.0	0.0	0.0	0.0	0.0	-0.1	193
0.0	0.9528750219494101	0.0	0.043521241911993934	0.0	0.0	0.0	0.0	0.00360373613859597	0.0	0.0	194
0.0	0.0	0.0	0.0	0.003767711627804272	0.9962322883721957	0.0	0.0	0.0	0.0	0.0	195
0.9993361940331354	0.0	0.0	0.0	0.0	0.0	0.0	0.0	0.0	0.0006638059668644946	-0.0998672388066271	196
0.0	0.0	0.0	0.0	0.0	0.9962322883721957	0.0	0.0	0.0	0.003767711627804272	0.0003767711627804272	197
0.0	0.0	0.0	0.0	0.0	0.0	0.0	1.0	0.0	0.0	0.0	198
0.9528750219494101	0.0	0.0	0.043521241911993934	0.00360373613859597	0.0	0.0	0.0	0.0	0.0	-0.095287502194941	199
0.0	0.9563213517648762	0.0	0.0	0.04367864823512387	0.0	0.0	0.0	0.0	0.0	0.0	200
0.0	0.0	0.0	0.0	0.003767711627804272	0.0	0.0	0.0	0.9962322883721957	0.0	0.0	201
0.0	0.0	0.0	0.0	0.0	1.0	0.0	0.0	0.0	0.0	0.0	202
0.0	0.0	0.0	0.0	0.0	0.0005366011736885955	0.0	0.9994633988263114	0.0	0.0	0.0	203
0.0	0.0	0.9563213517648762	0.0	0.0	0.04367864823512387	0.0	0.0	0.0	0.0	0.0	204
0.0	0.0	0.0	1.0	0.0	0.0	0.0	0.0	0.0	0.0	0.0	205
0.0	0.0	0.0	0.0	0.0	0.0	1.0	0.0	0.0	0.0	0.0	206
0.0	0.0	0.0	0.0	0.0	0.003767711627804272	0.0	0.0	0.9962322883721957	0.0	0.0	207
0.0	0.0	0.00360373613859597	0.0	0.0	0.9528750219494101	0.0	0.0	0.0	0.043521241911993934	0.004352124191199394	208
0.003767711627804272	0.0	0.0	0.9962322883721957	0.0	0.0	0.0	0.0	0.0	0.0	-0.0003767711627804315	209
0.0	0.0	0.0	0.043521241911993934	0.0	0.0	0.0	0.0	0.0	0.9564787580880061	0.0956478758088006	210
0.0	0.0	0.9962322883721957	0.003767711627804272	0.0	0.0	0.0	0.0	0.0	0.0	4.336808689942018e-18	211
0.0	0.0	0.0	0.0	0.0	0.0	1.0	0.0	0.0	0.0	0.0	212
0.9528750219494101	0.0	0.0	0.0	0.047124978050589905	0.0	0.0	0.0	0.0	0.0	-0.095287502194941	213
0.00360373613859597	0.9528750219494101	0.0	0.043521241911993934	0.0	0.0	0.0	0.0	0.0	0.0	-0.0003603736138595992	214
0.0	0.0	0.0	0.0	0.0	0.0	0.996396263861404	0.0	0.0	0.00360373613859597	0.000360373613859597	215
0.0	0.0	0.0	0.043521241911993934	0.00360373613859597	0.9528750219494101	0.0	0.0	0.0	0.0	0.0	216
0.9563213517648762	0.0	0.0	0.0	0.0	0.0	0.04367864823512387	0.0	0.0	0.0	-0.09563213517648762	217
0.0	0.9962322883721957	0.0	0.0	0.0	0.003767711627804272	0.0	0.0	0.0	0.0	0.0	218
0.04367864823512387	0.0	0.0	0.0	0.0	0.0	0.0	0.0	0.0	0.9563213517648762	0.09126427035297523	219
0.0	0.0	0.9564787580880061	0.0	0.0	0.0	0.0	0.0	0.0	0.043521241911993934	0.004352124191199394	220
0.0	0.0	0.0	0.0	0.003767711627804272	0.0	0.9962322883721957	0.0	0.0	0.0	0.0	221
0.0	0.0	0.00360373613859597	0.0	0.0	0.996396263861404	0.0	0.0	0.0	0.0	0.0	222
0.0	0.0	0.0	0.0	1.0	0.0	0.0	0.0	0.0	0.0	0.0	223
0.0	0.0	0.0	0.0	0.0	0.0	1.0	0.0	0.0	0.0	0.0	224
0.9962322883721957	0.0	0.0	0.0	0.003767711627804272	0.0	0.0	0.0	0.0	0.0	-0.09962322883721957	225
0.0	0.0	0.0	0.0	0.0	0.0	1.0	0.0	0.0	0.0	0.0	226
0.0	0.9563213517648762	0.04367864823512387	0.0	0.0	0.0	0.0	0.0	0.0	0.0	-7.632783294297952e-18	227
0.0	0.003767711627804272	0.0	0.0	0.9962322883721957	0.0	0.0	0.0	0.0	0.0	0.0	228
0.0006638059668644946	0.0	0.9993361940331354	0.0	0.0	0.0	0.0	0.0	0.0	0.0	-6.638059668644392e-05	229
0.0	0.0	0.0	1.0	0.0	0.0	0.0	0.0	0.0	0.0	0.0	230
0.0	0.0	0.0	0.0	0.04367864823512387	0.0	0.0	0.9563213517648762	0.0	0.0	0.0	231
0.0	0.0	0.0	0.0	0.0	0.0	1.0	0.0	0.0	0.0	0.0	232
0.0	0.9962322883721957	0.0	0.0	0.0	0.0	0.0	0.0	0.0	0.003767711627804272	0.0003767711627804272	233
0.0	0.5736542973737409	0.0	0.0	0.0	0.42473935496500975	0.0	0.0016063476612493389	0.0	0.0	0.0	234
0.0	0.0	0.0	0.0	0.0	0.9993361940331354	0.0	0.0006638059668644946	0.0	0.0	0.0	235
0.0	0.0	0.0	0.0	0.9793940160891054	0.00157577853535124	0.0	0.0	0.019030205375543334	0.0	5.204170427930421e-18	236
0.0	0.0	0.0	0.0	0.0	0.9563213517648762	0.0	0.0	0.04367864823512387	0.0	0.0	237
0.0	0.0	0.0	0.0	0.9564787580880061	0.0	0.0	0.0	0.0	0.043521241911993934	0.004352124191199394	238
0.9920419281198966	0.0	0.0	0.0	0.0	0.0	0.007958071880103397	0.0	0.0	0.0	-0.09920419281198965	239
0.0	0.17412311652883253	0.0	0.0	0.0	0.8179240521949123	0.007952831276255201	0.0	0.0	0.0	3.2959746043559333e-18	240
0.0	1.0	0.0	0.0	0.0	0.0	0.0	0.0	0.0	0.0	0.0	241
0.0	0.0	0.9913886418937349	0.0	0.0	0.0	0.0	0.0006585268300098498	0.0	0.007952831276255201	0.0007952831276255201	242
0.0	0.9528750219494101	0.043521241911993934	0.0	0.00360373613859597	0.0	0.0	0.0	0.0	0.0	-2.0816681711721684e-18	243
0.003767711627804272	0.9962322883721957	0.0	0.0	0.0	0.0	0.0	0.0	0.0	0.0	-0.0003767711627804315	244
0.0	0.0	0.0	0.0	0.0	0.0	1.0	0.0	0.0	0.0	0.0	245
0.0	0.0	0.0	0.0	0.0	0.0	0.9962322883721957	0.003767711627804272	0.0	0.0	4.336808689942018e-18	246
0.0	0.0	0.0	1.0	0.0	0.0	0.0	0.0	0.0	0.0	0.0	247
0.0006638059668644946	0.0	0.0	0.0	0.0	0.9993361940331354	0.0	0.0	0.0	0.0	-6.638059668644392e-05	248
0.0	0.0	0.0	0.0	0.0005366011736885955	0.0	0.0	0.9994633988263114	0.0	0.0	0.0	249
0.0	0.8580394472837591	0.0	0.0	0.0	0.1419605527162409	0.0	0.0	0.0	0.0	0.0	250
0.0	0.9528750219494101	0.0	0.0	0.043521241911993934	0.0	0.0	0.0	0.0	0.00360373613859597	0.000360373613859597	251
0.0	0.0	0.0	0.0	0.0006638059668644946	0.0	0.0	0.0	0.9993361940331354	0.0	0.0	252
1.0	0.0	0.0	0.0	0.0	0.0	0.0	0.0	0.0	0.0	-0.1	253
0.04367864823512387	0.0	0.0	0.0	0.0	0.0	0.9563213517648762	0.0	0.0	0.0	-0.004367864823512391	254
0.0	0.0	0.0	0.0	0.0	0.0	1.0	0.0	0.0	0.0	0.0	255
0.0	0.0	0.0	0.0	0.9564787580880061	0.043521241911993934	0.0	0.0	0.0	0.0	-2.0816681711721684e-18	256
0.0	0.00360373613859597	0.0	0.0	0.043521241911993934	0.9528750219494101	0.0	0.0	0.0	0.0	0.0	257
0.0	0.0	0.0	0.0	0.0	0.0	0.0	0.0	0.9962322883721957	0.003767711627804272	0.0003767711627804315	258
0.0	0.0	1.0	0.0	0.0	0.0	0.0	0.0	0.0	0.0	0.0	259
0.0	0.0	0.0	0.0	0.0	0.047124978050589905	0.0	0.0	0.0	0.9528750219494101	0.095287502194941	260
0.0	0.0	0.0	0.0	0.9563213517648762	0.0	0.0	0.0	0.0	0.04367864823512387	0.004367864823512388	261
0.0	0.9528750219494101	0.0	0.00360373613859597	0.043521241911993934	0.0	0.0	0.0	0.0	0.0	0.0	262
0.0	1.0	0.0	0.0	0.0	0.0	0.0	0.0	0.0	0.0	0.0	263
0.0	0.9793940160891054	0.0	0.00157577853535124	0.019030205375543334	0.0	0.0	0.0	0.0	0.0	0.0	264
0.0	0.0	0.0	0.0	0.0	0.0	0.9920419281198966	0.007958071880103397	0.0	0.0	4.8572257327350596e-18	265
0.0	1.0	0.0	0.0	0.0	0.0	0.0	0.0	0.0	0.0	0.0	266
0.0	0.0	0.0	0.0	0.0	0.0	0.0	0.0	1.0	0.0	0.0	267
0.04367864823512387	0.0	0.0	0.0	0.0	0.0	0.0	0.0	0.0	0.9563213517648762	0.09126427035297523	268
0.0	0.0	0.0016063476612493389	0.0	0.9983936523387507	0.0	0.0	0.0	0.0	0.0	0.0	269
0.0	0.0	0.0	0.0	0.0	1.0	0.0	0.0	0.0	0.0	0.0	270
0.0	0.9962322883721957	0.0	0.0	0.003767711627804272	0.0	0.0	0.0	0.0	0.0	0.0	271
0.0	0.003767711627804272	0.0	0.0	0.0	0.0	0.9962322883721957	0.0	0.0	0.0	0.0	272
0.0	0.0	0.9528750219494101	0.0	0.043521241911993934	0.0	0.0	0.0	0.00360373613859597	0.0	0.0	273
0.0	0.1756355773818684	0.0	0.0	0.0	0.8243644226181316	0.0	0.0	0.0	0.0	0.0	274
0.0	0.0	0.0	0.0	0.003767711627804272	0.0	0.0	0.0	0.9962322883721957	0.0	0.0	275
0.9993361940331354	0.0006638059668644946	0.0	0.0	0.0	0.0	0.0	0.0	0.0	0.0	-0.09993361940331355	276
0.003767711627804272	0.9962322883721957	0.0	0.0	0.0	0.0	0.0	0.0	0.0	0.0	-0.0003767711627804315	277
0.9983936523387507	0.0	0.0016063476612493389	0.0	0.0	0.0	0.0	0.0	0.0	0.0	-0.09983936523387507	278
0.0	0.0	0.9962322883721957	0.0	0.003767711627804272	0.0	0.0	0.0	0.0	0.0	0.0	279
0.0	0.0	0.0	0.0	0.9962322883721957	0.0	0.0	0.0	0.0	0.003767711627804272	0.0003767711627804272	280
0.0	0.0	0.0	0.0	0.9962322883721957	0.0	0.003767711627804272	0.0	0.0	0.0	0.0	281
0.0	0.0	0.0	0.0	0.9528750219494101	0.00360373613859597	0.0	0.043521241911993934	0.0	0.0	2.0816681711721684e-18	282
0.0	0.0	0.0	0.0	0.0	0.0	0.9563213517648762	0.0	0.0	0.04367864823512387	0.004367864823512388	283
0.0	0.0	0.0	0.0	0.0	0.9563213517648762	0.0	0.04367864823512387	0.0	0.0	0.0	284
0.0	0.0	0.9793940160891054	0.019030205375543334	0.0	0.0	0.0	0.00157577853535124	0.0	0.0	6.938893903907229e-19	285
0.0	0.04367864823512387	0.0	0.0	0.0	0.0	0.0	0.0	0.9563213517648762	0.0	0.0	286
0.0	0.0	0.0	0.0	0.9563213517648762	0.04367864823512387	0.0	0.0	0.0	0.0	-7.632783294297952e-18	287
0.0006585268300098498	0.0	0.9913886418937349	0.0	0.0	0.0	0.0	0.0	0.007952831276255201	0.0	-6.585268300098867e-05	288
0.0	0.9962322883721957	0.0	0.0	0.0	0.003767711627804272	0.0	0.0	0.0	0.0	0.0	289
0.0	0.0006638059668644946	0.0	0.0	0.0	0.0	0.9993361940331354	0.0	0.0	0.0	0.0	290
0.0	0.0	0.0	0.0	0.0	0.0016063476612493389	0.0	0.0	0.9983936523387507	0.0	0.0	291
0.0	1.0	0.0	0.0	0.0	0.0	0.0	0.0	0.0	0.0	0.0	292
0.0	0.0	0.0	0.0	0.0	0.0	0.0	0.9563213517648762	0.04367864823512387	0.0	-7.632783294297952e-18	293
0.04367864823512387	0.0	0.0	0.0	0.0	0.0	0.0	0.0	0.0	0.9563213517648762	0.09126427035297523	294
0.0	0.0	0.0	0.04367864823512387	0.9563213517648762	0.0	0.0	0.0	0.0	0.0	-1.1102230246251566e-17	295
0.0	0.9563213517648762	0.0	0.0	0.0	0.0	0.04367864823512387	0.0	0.0	0.0	0.0	296
0.0	0.0	0.003767711627804272	0.0	0.9962322883721957	0.0	0.0	0.0	0.0	0.0	0.0	297
0.8030607089045498	0.19049720970312348	0.0	0.0	0.0	0.0	0.0	0.0	0.0064420813923268105	0.0	-0.08030607089045498	298
0.9993361940331354	0.0	0.0	0.0	0.0	0.0	0.0006638059668644946	0.0	0.0	0.0	-0.09993361940331355	299
0.0	0.0	0.0	1.0	0.0	0.0	0.0	0.0	0.0	0.0	0.0	300
0.003767711627804272	0.0	0.0	0.0	0.0	0.0	0.0	0.0	0.9962322883721957	0.0	-0.0003767711627804315	301
0.8243644226181316	0.1756355773818684	0.0	0.0	0.0	0.0	0.0	0.0	0.0	0.0	-0.08243644226181315	302
0.0	0.9993361940331354	0.0006638059668644946	0.0	0.0	0.0	0.0	0.0	0.0	0.0	-5.540273101400928e-18	303
0.0	0.17551898943760866	0.0	0.8238172045955269	0.0	0.0006638059668644946	0.0	0.0	0.0	0.0	0.0	304
0.0	0.9528750219494101	0.00360373613859597	0.0	0.0	0.043521241911993934	0.0	0.0	0.0	0.0	2.0816681711721684e-18	305
0.0	0.0	0.0	0.0	0.043521241911993934	0.0	0.0	0.00360373613859597	0.0	0.9528750219494101	0.095287502194941	306
0.0	0.047124978050589905	0.0	0.0	0.9528750219494101	0.0	0.0	0.0	0.0	0.0	0.0	307
0.0	0.5745772682247607	0.0	0.0	0.0	0.0	0.0	0.0	0.42542273177523926	0.0	0.0	308
0.0	0.0	0.0	0.0006638059668644946	0.0	0.17551898943760866	0.0	0.0	0.0	0.8238172045955269	0.0823817204595527	309
0.0	0.0	1.0	0.0	0.0	0.0	0.0	0.0	0.0	0.0	0.0	310
0.0	0.0	0.0	0.0	0.9563213517648762	0.0	0.0	0.0	0.04367864823512387	0.0	0.0	311
0.043521241911993934	0.0	0.0	0.0	0.0	0.00360373613859597	0.9528750219494101	0.0	0.0	0.0	-0.004352124191199391	312
0.0	0.0	0.00360373613859597	0.0	0.0	0.0	0.043521241911993934	0.0	0.9528750219494101	0.0	0.0	313
0.00360373613859597	0.9528750219494101	0.0	0.0	0.0	0.0	0.043521241911993934	0.0	0.0	0.0	-0.0003603736138595992	314
1.0	0.0	0.0	0.0	0.0	0.0	0.0	0.0	0.0	0.0	-0.1	315
0.0	0.0	0.0	0.0	1.0	0.0	0.0	0.0	0.0	0.0	0.0	316
0.0	0.9962322883721957	0.0	0.0	0.0	0.003767711627804272	0.0	0.0	0.0	0.0	0.0	317
0.0	0.0	0.0	0.0	0.0	0.0	0.9962322883721957	0.0	0.0	0.003767711627804272	0.0003767711627804272	318
0.0	0.0	0.04367864823512387	0.0	0.0	0.0	0.0	0.9563213517648762	0.0	0.0	0.0	319
0.0	0.0	0.0	0.0	0.003767711627804272	0.0	0.0	0.0	0.9962322883721957	0.0	0.0	320
0.0	0.0	0.0005366011736885955	0.0	0.0	0.0	0.0	0.0	0.9994633988263114	0.0	0.0	321
0.0	0.9563213517648762	0.0	0.0	0.0	0.0	0.0	0.04367864823512387	0.0	0.0	0.0	322
1.0	0.0	0.0	0.0	0.0	0.0	0.0	0.0	0.0	0.0	-0.1	323
1.0	0.0	0.0	0.0	0.0	0.0	0.0	0.0	0.0	0.0	-0.1	324
0.0	0.0	0.0	0.0	1.0	0.0	0.0	0.0	0.0	0.0	0.0	325
0.0	0.0	0.0	0.0	0.9962322883721957	0.0	0.0	0.0	0.0	0.003767711627804272	0.0003767711627804272	326
0.0	0.0	0.0	0.0	0.0	0.0	0.0	0.9983936523387507	0.0016063476612493389	0.0	2.168404344971009e-19	327
0.0	0.0	0.0	0.0	0.0	1.0	0.0	0.0	0.0	0.0	0.0	328
0.0	0.0	0.9528750219494101	0.0	0.0	0.0	0.00360373613859597	0.043521241911993934	0.0	0.0	0.0	329
0.0	0.0	0.0	0.0	0.9563213517648762	0.0	0.04367864823512387	0.0	0.0	0.0	0.0	330
0.0	0.0	0.0	0.0	0.0	0.9563213517648762	0.0	0.04367864823512387	0.0	0.0	0.0	331
0.0	0.9528750219494101	0.0	0.0	0.0	0.0	0.0	0.00360373613859597	0.043521241911993934	0.0	0.0	332
0.0	0.9962322883721957	0.0	0.0	0.0	0.0	0.0	0.0	0.0	0.003767711627804272	0.0003767711627804272	333
0.0	0.9563213517648762	0.0	0.0	0.0	0.04367864823512387	0.0	0.0	0.0	0.0	0.0	334
0.0	0.0	0.8243644226181316	0.0	0.1756355773818684	0.0	0.0	0.0	0.0	0.0	0.0	335
0.0	0.007958071880103397	0.0	0.9920419281198966	0.0	0.0	0.0	0.0	0.0	0.0	0.0	336
0.9962322883721957	0.0	0.0	0.0	0.003767711627804272	0.0	0.0	0.0	0.0	0.0	-0.09962322883721957	337
0.0	0.04367864823512387	0.0	0.0	0.0	0.0	0.0	0.0	0.9563213517648762	0.0	0.0	338
0.01906024009276015	0.9809397599072398	0.0	0.0	0.0	0.0	0.0	0.0	0.0	0.0	-0.0019060240092760195	339
0.0	1.0	0.0	0.0	0.0	0.0	0.0	0.0	0.0	0.0	0.0	340
0.0	0.0	0.0	0.0	0.0	0.0	1.0	0.0	0.0	0.0	0.0	341
0.003767711627804272	0.0	0.0	0.0	0.0	0.0	0.0	0.9962322883721957	0.0	0.0	-0.0003767711627804315	342
0.0	0.0	0.9962322883721957	0.0	0.0	0.0	0.0	0.0	0.0	0.003767711627804272	0.0003767711627804272	343
0.047124978050589905	0.0	0.0	0.0	0.0	0.0	0.0	0.0	0.0	0.9528750219494101	0.09057500438988202	344
0.0	1.0	0.0	0.0	0.0	0.0	0.0	0.0	0.0	0.0	0.0	345
0.0	0.9563213517648762	0.0	0.0	0.04367864823512387	0.0	0.0	0.0	0.0	0.0	0.0	346
0.0	0.9920419281198966	0.0	0.0	0.0	0.007958071880103397	0.0	0.0	0.0	0.0	0.0	347
0.0	0.0	0.0	0.0	0.0	0.0	0.0	0.04367864823512387	0.0	0.9563213517648762	0.09563213517648762	348
0.0	0.0	0.0	0.0	0.0	1.0	0.0	0.0	0.0	0.0	0.0	349
0.04367864823512387	0.9563213517648762	0.0	0.0	0.0	0.0	0.0	0.0	0.0	0.0	-0.004367864823512391	350
0.0	0.9563213517648762	0.0	0.0	0.0	0.04367864823512387	0.0	0.0	0.0	0.0	0.0	351
0.0	0.0	0.0	0.0	0.0	1.0	0.0	0.0	0.0	0.0	0.0	352
0.9962322883721957	0.0	0.0	0.0	0.0	0.003767711627804272	0.0	0.0	0.0	0.0	-0.09962322883721957	353
0.0	0.9528750219494101	0.0	0.0	0.0	0.0	0.043521241911993934	0.0	0.00360373613859597	0.0	0.0	354
0.0	0.9528750219494101	0.0	0.0	0.0	0.0	0.0	0.00360373613859597	0.0	0.043521241911993934	0.004352124191199394	355
0.9962322883721957	0.003767711627804272	0.0	0.0	0.0	0.0	0.0	0.0	0.0	0.0	-0.09962322883721957	356
0.0	0.0	0.0	0.9962322883721957	0.0	0.0	0.0	0.0	0.0	0.003767711627804272	0.0003767711627804272	357
0.0	0.0	0.0	0.047124978050589905	0.0	0.0	0.0	0.9528750219494101	0.0	0.0	0.0	358
0.0	0.9809397599072398	0.0	0.0	0.0	0.0	0.0	0.0	0.0	0.01906024009276015	0.001906024009276015	359
0.9563213517648762	0.0	0.0	0.0	0.0	0.0	0.0	0.04367864823512387	0.0	0.0	-0.09563213517648762	360
0.0	0.0	0.0	0.0	0.0	0.0	0.0	0.0	0.0	1.0	0.1	361
0.0	0.14188437651703587	0.0	0.0005366011736885955	0.0	0.0	0.0	0.1916294813931162	0.6659495409161593	0.0	0.0	362
0.0	0.0	0.0	0.0	0.0	0.0	0.0	0.0	0.0	1.0	0.1	363
0.0	0.9563213517648762	0.0	0.04367864823512387	0.0	0.0	0.0	0.0	0.0	0.0	0.0	364
0.0	0.0	0.0	0.0	0.0	0.0	1.0	0.0	0.0	0.0	0.0	365
0.0	0.9564787580880061	0.0	0.0	0.0	0.0	0.043521241911993934	0.0	0.0	0.0	0.0	366
0.0	1.0	0.0	0.0	0.0	0.0	0.0	0.0	0.0	0.0	0.0	367
0.0	1.0	0.0	0.0	0.0	0.0	0.0	0.0	0.0	0.0	0.0	368
0.0	0.0	0.0	0.0	0.0	0.0	0.0	0.0	1.0	0.0	0.0	369
0.0	0.0	0.0	0.0	0.0	1.0	0.0	0.0	0.0	0.0	0.0	370
0.0	0.0	1.0	0.0	0.0	0.0	0.0	0.0	0.0	0.0	0.0	371
0.9564787580880061	0.0	0.0	0.043521241911993934	0.0	0.0	0.0	0.0	0.0	0.0	-0.0956478758088006	372
0.0	0.0	0.0	0.0	0.0	1.0	0.0	0.0	0.0	0.0	0.0	373
0.0	0.0	0.0	0.0	0.0	0.0	0.9920419281198966	0.0	0.0	0.007958071880103397	0.0007958071880103397	374
0.0	0.9962322883721957	0.003767711627804272	0.0	0.0	0.0	0.0	0.0	0.0	0.0	4.336808689942018e-18	375
0.0	0.9962322883721957	0.0	0.0	0.003767711627804272	0.0	0.0	0.0	0.0	0.0	0.0	376
1.0	0.0	0.0	0.0	0.0	0.0	0.0	0.0	0.0	0.0	-0.1	377
0.0	0.0	0.0	0.0	0.0	0.04367864823512387	0.9563213517648762	0.0	0.0	0.0	-1.1102230246251566e-17	378
0.0	0.0	0.9528750219494101	0.0	0.0	0.0	0.0	0.0	0.043521241911993934	0.00360373613859597	0.00036037361385959715	379
0.04367864823512387	0.0	0.0	0.0	0.0	0.0	0.0	0.0	0.9563213517648762	0.0	-0.004367864823512391	380
0.0	0.0	0.9563213517648762	0.0	0.04367864823512387	0.0	0.0	0.0	0.0	0.0	0.0	381
0.0	0.0	0.0	0.0	0.0	1.0	0.0	0.0	0.0	0.0	0.0	382
0.0	0.0	0.04367864823512387	0.0	0.0	0.0	0.0	0.0	0.9563213517648762	0.0	0.0	383
0.0	0.0	0.0	0.0	1.0	0.0	0.0	0.0	0.0	0.0	0.0	384
0.0	0.003767711627804272	0.0	0.0	0.0	0.9962322883721957	0.0	0.0	0.0	0.0	0.0	385
0.0	0.0	0.9528750219494101	0.043521241911993934	0.00360373613859597	0.0	0.0	0.0	0.0	0.0	-1.951563910473908e-18	386
0.0	0.0	0.04367864823512387	0.0	0.0	0.0	0.0	0.9563213517648762	0.0	0.0	0.0	387
0.0	1.0	0.0	0.0	0.0	0.0	0.0	0.0	0.0	0.0	0.0	388
0.0	0.04367864823512387	0.0	0.0	0.0	0.0	0.0	0.0	0.9563213517648762	0.0	0.0	389
0.0	0.0	0.9962322883721957	0.0	0.003767711627804272	0.0	0.0	0.0	0.0	0.0	0.0	390
0.0	0.9563213517648762	0.0	0.0	0.0	0.0	0.0	0.0	0.04367864823512387	0.0	0.0	391
0.0	1.0	0.0	0.0	0.0	0.0	0.0	0.0	0.0	0.0	0.0	392
0.0	0.0	1.0	0.0	0.0	0.0	0.0	0.0	0.0	0.0	0.0	393
0.0	0.0	0.0	0.0	0.0	0.9962322883721957	0.0	0.0	0.0	0.003767711627804272	0.0003767711627804272	394
0.9563213517648762	0.04367864823512387	0.0	0.0	0.0	0.0	0.0	0.0	0.0	0.0	-0.09563213517648762	395
0.00360373613859597	0.0	0.0	0.0	0.0	0.0	0.043521241911993934	0.0	0.9528750219494101	0.0	-0.0003603736138595992	396
0.0	0.003767711627804272	0.0	0.0	0.0	0.0	0.9962322883721957	0.0	0.0	0.0	0.0	397
0.0	0.0	0.003767711627804272	0.0	0.0	0.0	0.9962322883721957	0.0	0.0	0.0	0.0	398
0.9962322883721957	0.003767711627804272	0.0	0.0	0.0	0.0	0.0	0.0	0.0	0.0	-0.09962322883721957	399
0.0	0.9528750219494101	0.00360373613859597	0.043521241911993934	0.0	0.0	0.0	0.0	0.0	0.0	2.0816681711721684e-18	400
0.0	0.9563213517648762	0.0	0.0	0.0	0.04367864823512387	0.0	0.0	0.0	0.0	0.0	401
0.0	0.0	0.0	0.0	0.0	0.0	1.0	0.0	0.0	0.0	0.0	402
0.0	0.0	0.0	0.9564787580880061	0.0	0.0	0.0	0.0	0.043521241911993934	0.0	0.0	403
0.0	0.0	0.0	0.0	0.0	0.0	1.0	0.0	0.0	0.0	0.0	404
0.0	0.003767711627804272	0.0	0.0	0.0	0.0	0.0	0.0	0.9962322883721957	0.0	0.0	405
0.0	0.0	0.0	0.0	0.0	0.0	1.0	0.0	0.0	0.0	0.0	406
0.0	0.0	0.04367864823512387	0.0	0.0	0.0	0.0	0.9563213517648762	0.0	0.0	0.0	407
0.9563213517648762	0.0	0.0	0.04367864823512387	0.0	0.0	0.0	0.0	0.0	0.0	-0.09563213517648762	408
0.0	0.0	0.0	0.0	0.0006638059668644946	0.0	0.9993361940331354	0.0	0.0	0.0	0.0	409
0.0	0.0	1.0	0.0	0.0	0.0	0.0	0.0	0.0	0.0	0.0	410
0.0	0.0	0.0	1.0	0.0	0.0	0.0	0.0	0.0	0.0	0.0	411
0.0	0.9962322883721957	0.0	0.0	0.0	0.0	0.0	0.0	0.003767711627804272	0.0	0.0	412
0.0	0.9962322883721957	0.003767711627804272	0.0	0.0	0.0	0.0	0.0	0.0	0.0	4.336808689942018e-18	413
0.0	0.9962322883721957	0.0	0.0	0.0	0.003767711627804272	0.0	0.0	0.0	0.0	0.0	414
0.0	0.9528750219494101	0.0	0.043521241911993934	0.0	0.0	0.0	0.00360373613859597	0.0	0.0	0.0	415
0.0	0.0	0.0	0.0	1.0	0.0	0.0	0.0	0.0	0.0	0.0	416
0.003767711627804272	0.9962322883721957	0.0	0.0	0.0	0.0	0.0	0.0	0.0	0.0	-0.0003767711627804315	417
0.0	0.0	0.0	0.0	0.0	0.0011139281367454315	0.0	4.2384841674437017e-16	0.9988860718632542	0.0	0.0	418
0.0	0.0	3.4561702538183863e-16	0.0	0.0	0.0009083259814163355	0.0	0.0	0.0	0.9990916740185833	0.09990916740185833	419
3.4186688891929e-16	0.0	0.0	0.0	0.0	0.0	0.9891494452323186	0.010850554767681056	0.0	0.0	-3.469446951953614e-17	420
0.0	0.0	0.0	0.0	1.0	0.0	0.0	0.0	0.0	0.0	0.0	421
4.1822224995357165e-16	0.0	0.001099141847018477	0.34929017995837214	0.0	0.0	0.0	0.6363366713361812	0.0	0.013274006858427785	0.001327400685842734	422
0.0	0.0	0.0	0.0	0.0	0.0	0.9992130165860026	0.0	0.0007869834139973676	0.0	0.0	423
1.0	0.0	0.0	0.0	0.0	0.0	0.0	0.0	0.0	0.0	-0.1	424
0.0	0.0	0.0	0.0	0.0	0.0	0.0	1.0	0.0	0.0	0.0	425
0.0	0.0	0.0	0.011926421239167739	3.757640611261201e-16	0.0	0.0	0.0	0.0	0.9880735787608319	0.09880735787608319	426
0.0	0.9988860718632542	0.0	0.0	4.2384841674437017e-16	0.0011139281367454315	0.0	0.0	0.0	0.0	0.0	427
0.0	0.9880735787608319	0.0	0.0	0.0	0.0	0.011926421239167739	3.757640611261201e-16	0.0	0.0	6.709331608470215e-20	428
0.9904883515261799	0.0	0.0	0.00951164847382013	0.0	0.0	0.0	0.0	0.0	0.0	-0.09904883515261799	429
0.0	0.3811918365906913	0.0	0.0	0.6188081634093088	0.0	0.0	0.0	0.0	0.0	0.0	430
0.0	0.0	0.9988860718632542	4.2384841674437017e-16	0.0	0.0	0.0011139281367454315	0.0	0.0	0.0	2.0166160408230384e-18	431
0.0	0.0	0.0	0.0	0.0	0.0	0.9991520528828857	0.0008479471171142853	0.0	0.0	4.846383711010205e-18	432
0.0	0.0	0.9991520528828857	0.0	0.0	0.0	0.0	0.0	0.0008479471171142853	0.0	0.0	433
0.0	0.0	0.0	0.0	0.0	0.0	3.4561702538183863e-16	0.0	0.9999999999999997	0.0	0.0	434
0.0	0.1510354338202358	0.0	0.285776595189096	0.0	0.4080782217496456	0.0	0.15510974924102264	0.0	0.0	0.0	435
0.0	0.0	0.0	0.0	0.9999999999999997	0.0	0.0	3.4593124371829164e-16	0.0	0.0	0.0	436
0.0	0.47921867720445166	0.0	0.0	0.0	0.5078800859860565	0.0009865819623945296	0.0	0.0	0.011914654847097257	0.0011914654847097268	437
0.0	0.0	0.0	0.0	0.0	0.7467146653888775	0.0007945348022385967	0.2524907998088838	0.0	0.0	-5.551115123125783e-18	438
0.9992054651977614	0.0	0.0	0.0	0.0	0.0	0.0	0.0	0.0007945348022385967	0.0	-0.09992054651977614	439
0.1658209425304934	0.0008984701406080698	0.0	0.4364195664442081	0.39686102088469033	0.0	0.0	0.0	0.0	0.0	-0.01658209425304934	440
0.0	0.013274006858427785	0.0	0.0	0.0	0.9867259931415718	0.0	0.0	4.1822224995357165e-16	0.0	0.0	441
0.0	3.42174322330787e-16	0.0	0.0	0.0	0.010860312434120788	0.0	0.9891396875658789	0.0	0.0	0.0	442
0.0	0.0	0.0	0.0	0.0	0.0	1.0	0.0	0.0	0.0	0.0	443
0.0	0.0	0.0	0.0	1.0	0.0	0.0	0.0	0.0	0.0	0.0	444
0.0	0.0	0.0	0.0	0.0	0.7034053864374777	0.0	0.0	0.0	0.2965946135625222	0.02965946135625222	445
0.0	0.0	0.6817005907527274	0.0	0.0	0.0	0.3182994092472723	0.0	0.0	3.7991995420517666e-16	3.7991995420517664e-17	446
0.0	0.012901236809491786	0.0	0.0	3.7539333908129694e-16	0.9870987631905078	0.0	0.0	0.0	0.0	0.0	447
0.0	0.0	0.0006714728585767133	0.0	0.0	0.0	0.0	0.9993285271414233	0.0	0.0	0.0	448
0.7603745134194654	0.23877753946342034	0.0	0.0008479471171142853	0.0	0.0	0.0	0.0	0.0	0.0	-0.07603745134194655	449
0.0	0.0	0.7962329689747847	0.0	0.0	0.0	0.0	0.20376703102521537	0.0	0.0	0.0	450
0.0	0.0	0.0	3.4593124371829164e-16	0.0	0.0	0.9999999999999997	0.0	0.0	0.0	0.0	451
0.0	0.0	0.5887337761452647	0.0	3.5427592297519714e-16	0.0	0.411266223854735	0.0	0.0	0.0	0.0	452
0.0	0.27176122673056136	0.0	0.0	0.0	0.0	0.0	0.7282387732694384	0.0	3.5427592297519714e-16	3.542759229751971e-17	453
0.0	0.0	0.0	0.0	0.0	0.7194787672469658	0.0	0.0009198826562090868	0.0	0.27960135009682524	0.027960135009682523	454
0.0	0.0	0.0	4.469870320871132e-16	0.9988252606070187	0.0	0.0	0.0	0.001174739392980833	0.0	0.0	455
0.9990277562560717	0.0	0.0	0.0	3.6993766290661015e-16	0.0	0.0	0.0009722437439280428	0.0	0.0	-0.09990277562560716	456
0.0	0.0	0.013823886485644829	0.0	0.0	0.0	0.9861761135143547	0.0	0.0	4.355472293174577e-16	4.355472293174577e-17	457
0.0	0.010975485901285897	0.0	0.0	0.0	0.0	0.9890245140987142	0.0	0.0	0.0	0.0	458
0.0	0.5896759040239198	0.0	0.41032409597607983	0.0	0.0	4.57270484341826e-16	0.0	0.0	0.0	0.0	459
0.0	0.0	4.475127429351e-16	0.9999999999999996	0.0	0.0	0.0	0.0	0.0	0.0	0.0	460
0.0	0.24542706048830792	3.316279547310415e-16	0.010525579990148562	0.0008715609050606514	0.7431757986164824	0.0	0.0	0.0	0.0	0.0	461
0.0	0.9999999999999997	0.0	0.0	0.0	0.0	0.0	0.0	0.0	3.354511386213677e-16	3.354511386213677e-17	462
0.001174739392980833	0.0	0.0	0.9988252606070187	0.0	0.0	4.469870320871132e-16	0.0	0.0	0.0	-0.00011747393929808502	463
0.4455928553991958	0.0	0.0	0.5544071446008042	0.0	0.0	0.0	0.0	0.0	0.0	-0.04455928553991958	464
0.0	0.0	0.0	0.0	0.9999999999999996	0.0	0.0	0.0	4.475127429351e-16	0.0	0.0	465
3.458030764128311e-16	0.0	0.0	0.0	0.0	0.0	0.9999999999999997	0.0	0.0	0.0	-3.3306690738754695e-17	466
0.0	0.0012194641543011788	0.0	0.0	0.0	0.5482060982958111	0.0	0.0	0.0	0.4505744375498877	0.04505744375498877	467
0.5510833397185445	0.2706015618985868	0.0	0.16574890408756243	0.0	0.0	0.0125661942953059	0.0	3.656444498862782e-16	0.0	-0.055108333971854453	468
0.0	4.421658151189858e-16	0.0	0.0	0.0	0.0	0.0	0.9999999999999997	0.0	0.0	0.0	469
4.4165258451184096e-16	0.521797757597074	0.0	0.0	0.0	0.4770415226240644	0.0	0.0	0.0	0.0011607197788609267	0.00011607197788604825	470
0.0	0.0	0.0	0.0	0.0	0.0	4.421658151189858e-16	0.0	0.9999999999999997	0.0	0.0	471
0.9999999999999997	0.0	0.0	4.421658151189858e-16	0.0	0.0	0.0	0.0	0.0	0.0	-0.09999999999999996	472
0.0	0.0	0.0	0.0	0.0	0.9913627675403471	0.0	0.0006605054907164164	0.0	0.007976726968936464	0.0007976726968936464	473
0.0	0.0	0.9842848708532692	0.0	0.0	0.0	0.0	0.0	0.015715129146730764	0.0	0.0	474
3.319172408218575e-16	0.0	0.0	0.0	0.9894652383234297	0.0	0.010534761676569995	0.0	0.0	0.0	-3.3306690738754695e-17	475
3.656444498862782e-16	0.000960960628098277	0.6655445356968349	0.32188927000785883	0.0	0.0	0.0	0.011605233667207624	0.0	0.0	-3.3306690738754695e-17	476
0.0	0.0	0.6740143307346673	0.3259856692653327	0.0	0.0	0.0	0.0	0.0	0.0	0.0	477
0.0	0.0	0.0	0.0008715609050606515	3.3162795473104157e-16	0.2078717743378247	0.010525579990148564	0.0	0.0	0.7807310847669657	0.07807310847669657	478
0.0	0.0	4.57270484341826e-16	0.014513363518999348	0.0	0.6458738617117217	0.0012017656277309593	0.0	0.0	0.3384110091415475	0.03384110091415475	479
0.0	0.0	0.0	0.9993341834726334	0.0	0.0	0.0	0.0	0.0006658165273666255	0.0	0.0	480
0.0	0.0	3.454890907629656e-16	0.0	0.0	0.0	0.000907989752788372	0.0	0.0	0.9990920102472113	0.09990920102472113	481
0.0	0.655385712806846	4.640047540113364e-16	0.0	0.0	0.0	0.0	0.34461428719315357	0.0	0.0	0.0	482
0.0	0.013823886485644829	4.355472293174577e-16	0.0	0.9850314393939584	0.0	0.0011446741203963106	0.0	0.0	0.0	0.0	483
0.20262200269369235	0.4654026972353077	0.001174739392980833	0.0	0.0	0.3308005606780188	0.0	4.469870320871132e-16	0.0	0.0	-0.020262200269369233	484
0.0	0.0	0.014530826166428696	0.9854691738335709	4.578206774957048e-16	0.0	0.0	0.0	0.0	0.0	-1.3731467645642223e-18	485
0.9993341834726334	0.0	0.0006658165273666255	0.0	0.0	0.0	0.0	0.0	0.0	0.0	-0.09993341834726334	486
0.0	0.9874338057046937	0.0	0.0	0.0	0.0	0.0	0.011605233667207624	0.000960960628098277	3.656444498862782e-16	3.65376132127615e-17	487
0.0	0.0	0.9854691738335709	0.0	4.578206774957048e-16	0.0	0.0	0.014530826166428696	0.0	0.0	0.0	488
0.0	0.0	0.0	0.0	4.421658151189858e-16	0.0	0.0	0.0	0.9999999999999997	0.0	0.0	489
4.640047540113364e-16	0.0	0.9987805358456988	0.0	0.0	0.0	0.0	0.0	0.0012194641543007147	0.0	-4.4408920985006264e-17	490
0.0	0.7962032579133265	0.0	0.0	0.0011747393929812798	0.0	0.0	0.20262200269369235	0.0	0.0	0.0	491
0.0	1.0	0.0	0.0	0.0	0.0	0.0	0.0	0.0	0.0	0.0	492
0.0	0.0	0.0	0.01400474275392729	0.0	0.0	0.9859952572460723	0.0	4.4124544209118955e-16	0.0	0.0	493
0.0	0.7737167488497343	0.0	0.0	0.0	0.0	0.0	0.0	0.22497889345359093	0.0013043576966747566	0.00013043576966747516	494
0.0	0.0	0.0	0.0	0.0	0.0011607198075740486	0.0	0.0	0.9988392801924255	4.416525954371519e-16	4.4408920985006264e-17	495
0.7019262451540694	4.969548593330471e-16	0.29807375484592996	0.0	0.0	0.0	0.0	0.0	0.0	0.0	-0.07019262451540695	496
0.0	0.0	0.0	0.0	0.9999999999999997	4.253500962904717e-16	0.0	0.0	0.0	0.0	-9.228318890292473e-18	497
0.9852320818940195	0.013638587496781429	0.0	4.2970904037698944e-16	0.0011293306091986605	0.0	0.0	0.0	0.0	0.0	-0.09852320818940194	498
0.0	0.0	0.0	0.0	0.9844720108628358	0.0	0.0	4.89238149675663e-16	0.015527989137163812	0.0	0.0	499
0.0	0.0	0.0	0.0	0.0	0.9999999999999997	0.0	0.0	4.105624966497407e-16	0.0	0.0	500
0.0	0.0	0.0	0.0	0.0	0.0	0.0013043576966747564	0.9986956423033252	0.0	0.0	0.0	501
0.013288612928986865	0.9867113870710127	0.0	0.0	4.186824413454663e-16	0.0	0.0	0.0	0.0	0.0	-0.0013288612928986864	502
0.0	0.0	0.9999999999999997	0.0	0.0	0.0	3.250794580253541e-16	0.0	0.0	0.0	0.0	503
0.014723380574957434	0.5690148882128057	4.638874619137224e-16	0.0	0.0	0.4150425753166493	0.0	0.0	0.0	0.0012191558955870132	-0.0013504224679370465	504
0.0	0.22555790070087203	0.3835181582273524	0.3897789950156103	0.0	0.0	0.0011449460561647584	0.0	4.3565070057481317e-16	0.0	5.551115123125778e-18	505
0.0	0.0	0.009903439339644488	0.0	0.0	0.0	0.0	0.9900965606603555	0.0	0.0	0.0	506
3.367313658021694e-16	0.0	0.0	0.0	0.0	0.0	0.0	0.0008849733255414764	0.9991150266744582	0.0	-3.3306690738754695e-17	507
0.0	0.0	0.0	3.2568308113704255e-16	0.0	0.0	0.0	0.0	0.9999999999999997	0.0	0.0	508
0.0	0.1898876244423969	4.3019487261455336e-16	0.013654007385259829	0.0	0.0	0.0	0.7964583681723428	0.0	0.0	0.0	509
0.0	0.0	0.0	0.0	0.0	0.0	0.9999999999999997	0.0	0.0	3.443847838329114e-16	3.4438478383291144e-17	510
0.6043918876101989	4.421658260697033e-16	0.0	0.3956081123898007	0.0	0.0	0.0	0.0	0.0	0.0	-0.06043918876101989	511
0.19174973171509582	0.2537171836384217	0.0	0.013425732462173443	0.0	0.5399956468391602	0.0	0.0	0.0	0.001111705345148714	-0.019063802636994708	512
0.9990857467689687	0.0	0.0	0.0	0.0	0.0009142532310310441	0.0	0.0	3.478723372659454e-16	0.0	-0.09990857467689687	513
0.0	0.0	0.9999999999999996	0.0	0.0	0.0	0.0	0.0	4.969548593330472e-16	0.0	0.0	514
0.0	0.0	0.0	4.253500962904717e-16	0.0	0.39921224159918683	0.0	0.0	0.0	0.6007877584008129	0.06007877584008129	515
4.2199711114178853e-16	0.0	0.0	0.0	0.0	0.0	0.0	0.0	0.9999999999999997	0.0	-4.4408920985006264e-17	516
0.0	0.0	0.0	1.8806849631812683e-16	0.0	0.0	0.9999999999999999	0.0	0.0	0.0	0.0	517
0.0	0.7311692390825544	0.0	0.0	4.89238149675663e-16	0.015527989137163812	0.0	0.0	0.25330277178028127	0.0	0.0	518
0.0	0.9986956423033247	0.0	0.0	0.001304357696675253	0.0	0.0	0.0	0.0	0.0	0.0	519
0.0	0.0	0.0	0.0	4.714028185406238e-16	0.7172523710585346	0.0	0.0	0.0	0.2827476289414649	0.028274762894146488	520
0.0	0.3871047491303366	0.010583809092424252	0.0	3.3346257079130473e-16	0.0	0.0	0.15116065806569803	0.45115078371154077	0.0	5.551115123125783e-18	521
0.0	0.0	0.9999999999999996	4.714028185406239e-16	0.0	0.0	0.0	0.0	0.0	0.0	-2.7313608690561288e-18	522
0.0	0.0	0.0	0.0	4.292427366021972e-16	0.0	0.0	0.0	0.9999999999999997	0.0	0.0	523
0.0	0.0	0.0	0.0	0.0	0.0	0.0	0.0	4.292427366021972e-16	0.9999999999999997	0.09999999999999995	524
0.0	0.0	0.0	0.9860915352495189	0.0	0.0	0.0	0.0	0.0	0.013908464750481053	0.0013908464750481053	525
0.0	0.0	0.0	0.9999999999999996	4.969548593330472e-16	0.0	0.0	0.0	0.0	0.0	-5.286564948298461e-18	526
0.0	0.6746606708872523	0.0	0.0	0.0	0.0	0.0	0.31196034960264674	0.013378979510100912	0.0	6.938893903907229e-19	527
0.0	0.0011449460561647586	4.3565070057481327e-16	0.0	0.0	0.0	0.9988550539438349	0.0	0.0	0.0	0.0	528
0.0	0.0	0.005210269884796843	0.0	0.0	0.0	0.0	0.0	0.994358298541774	0.0004314315734291139	4.3143157342906414e-05	529
0.6219261816389815	0.0	0.0	0.0	0.0	0.0	0.3780738183610182	0.0	0.0	3.256830811370426e-16	-0.062192618163898115	530
0.7003716183021861	0.0	0.0	0.0	0.0	0.0	0.29962838169781364	0.0	0.0	4.0486630612010896e-16	-0.07003716183021856	531
0.001007839296403337	0.0	0.9868207874009237	3.8348173102205845e-16	0.012171373302672586	0.0	0.0	0.0	0.0	0.0	-0.0001007839296403407	532
4.421658260697034e-16	0.9999999999999997	0.0	0.0	0.0	0.0	0.0	0.0	0.0	0.0	-4.4408920985006264e-17	533
0.0	0.0	0.0	0.0	1.9617361788845003e-16	0.0	0.0	0.0	0.0	0.9999999999999998	0.09999999999999998	534
0.0011516775453019323	0.9849398577042165	0.0	0.0	0.0	0.0	0.0	0.013908464750481053	0.0	4.382120247024711e-16	-0.00011516775453015497	535
0.0	0.0	0.0	0.0	0.0	0.0	0.9999999999999996	4.708195168423094e-16	0.0	0.0	-2.6730306992246804e-18	536
3.971825761479649e-16	0.0	0.0	0.0	0.0	0.0010438468790201743	0.9989561531209795	0.0	0.0	0.0	-3.3306690738754695e-17	537
0.0	0.016792178839214522	0.0	4.8860990446011e-16	0.0	0.0	0.0	0.0	0.983207821160785	0.0	0.0	538
0.0	0.0	0.9989797427720097	0.0	0.0	0.0	3.8820674017534617e-16	0.0010202572279899523	0.0	0.0	0.0	539
0.0	0.0	0.0	0.0	0.0	4.3019487261455346e-16	0.9863459926147398	0.0	0.01365400738525983	0.0	0.0	540
0.0	0.0	4.714028185406239e-16	0.0	0.0	0.0	0.0	0.0	0.9999999999999996	0.0	0.0	541
0.29306844704728147	0.0	0.25297749817976023	0.43716187593374384	0.001284129653358775	0.0	0.015508049185855747	0.0	0.0	0.0	-0.029306844704728146	542
0.0	0.015508049185855747	0.0	0.0	0.0	0.0	0.0	4.8860990446011e-16	0.9844919508141438	0.0	0.0	543
0.0	0.0	0.0	0.0	0.0	0.014741352581866547	0.9852586474181331	0.0	0.0	4.644537033844309e-16	4.644537033844309e-17	544
0.30851404600022264	0.0	0.0	0.691485953999777	3.9972973863289324e-16	0.0	0.0	0.0	0.0	0.0	-0.030851404600022263	545
0.0	0.0	0.0	0.5477691825665135	0.4522308174334865	0.0	0.0	0.0	0.0	0.0	0.0	546
0.0	0.0	0.0	0.674299849183036	4.2199711114178853e-16	0.0	0.3257001508169637	0.0	0.0	0.0	0.0	547
0.0	0.0	0.0	0.9986956423033247	4.963066524373763e-16	0.0013043576966747566	0.0	0.0	0.0	0.0	-5.225854471380132e-18	548
0.0	0.0	0.7417331572666968	0.001304357696675253	0.0	0.0	0.0	0.256962485036628	0.0	0.0	0.0	549
0.0	4.963066524373763e-16	0.0	0.0	0.0	0.9986956423033247	0.0	0.0	0.0	0.0013043576966747566	0.00013043576966747568	550
0.70192624515407	0.29807375484592996	0.0	0.0	0.0	0.0	0.0	0.0	0.0	0.0	-0.070192624515407	551
0.0	0.0	0.0	0.0	0.0	0.0	0.9986956423033252	0.0013043576966747564	0.0	0.0	5.0740661672321604e-18	552
0.0	0.21594927309080778	0.0	0.0	0.768522737772028	0.015527989137163812	0.0	4.89238149675663e-16	0.0	0.0	-1.2143064331837649e-18	553
4.963066524373763e-16	0.0	0.0	0.0013043576966747566	0.0	0.0	0.0	0.9986956423033247	0.0	0.0	-4.4408920985006264e-17	554
0.0	4.421658260697034e-16	0.0	0.0	0.0	0.0	0.9999999999999997	0.0	0.0	0.0	0.0	555
0.0	0.0	0.9999999999999996	0.0	0.0	0.0	0.0	0.0	4.714028185406239e-16	0.0	0.0	556
0.0	0.0	0.0	0.0	0.9999999999999997	0.0	3.882067401753462e-16	0.0	0.0	0.0	0.0	557
0.0	0.0	0.0	0.0	4.480195221242948e-16	0.0	0.0	0.0	0.9999999999999996	0.0	0.0	558
0.0	0.0013043576966747566	0.0	0.9986956423033247	0.0	0.0	0.0	4.963066524373763e-16	0.0	0.0	0.0	559
0.0	0.0	0.0	0.0	0.0139245012859416	0.0	0.0	0.0	0.986075498714058	4.387172855489737e-16	4.4408920985006264e-17	560
0.0	0.22145488899001597	0.31654609383462196	0.0	0.4619990171753617	0.0	4.277259951189329e-16	0.0	0.0	0.0	0.0	561
0.0	0.0	0.0	0.010212367935771736	0.0	0.0	0.9897876320642279	3.217596269916379e-16	0.0	0.0	1.1307280395909051e-18	562
0.0	0.0	0.0011607198075740484	0.0	0.0	0.660052353559707	4.416525954371518e-16	0.0	0.0	0.33878692663271837	0.033878692663271835	563
0.9991150266744582	0.0	0.0	0.0	0.0	0.0	0.0	0.0008849733255414764	0.0	3.367313658021694e-16	-0.09991150266744578	564
4.361500688760689e-16	0.0	0.0	0.0	0.0	0.0	0.0	0.0	0.0	0.9999999999999997	0.09999999999999992	565
0.0	0.0	0.0	0.010583809092424585	0.0	0.0	0.0	0.0	0.9894161909075755	0.0	0.0	566
0.0	0.0	0.0	4.382120247024711e-16	0.013908464750481053	0.22688402480095207	0.0	0.0	0.0	0.7592075104485664	0.07592075104485664	567
0.0	0.0	0.0	3.2568308113704255e-16	0.0	0.0	0.0	0.0	0.9999999999999997	0.0	0.0	568
0.0	0.0	0.0	0.0	0.014723380574957437	0.29077497365770055	0.0	0.0	0.0012191558955870134	0.693282489871755	0.0693282489871755	569
4.253500962904717e-16	0.0	0.0	0.0	0.0	0.0	0.0	0.9999999999999997	0.0	0.0	-4.4408920985006264e-17	570
0.0	0.0	0.0	0.0011139281367454315	0.0	0.6448970390555848	0.0	0.0	0.0	0.3539890328076698	0.03539890328076698	571
0.0	0.9850314390287948	0.0	0.0	0.0	4.3554723994279585e-16	0.01382388682288373	0.0	0.0	0.0011446741483210655	0.00011446741483210656	572
0.0	0.0	0.0	0.0013043576966747566	4.963066524373763e-16	0.22497889345359093	0.0	0.0	0.0	0.7737167488497338	0.07737167488497339	573
0.0	0.0	4.582590097256269e-16	0.0	0.0	0.0	0.0	0.0	0.9999999999999996	0.0	0.0	574
0.0005155694914035419	0.0	1.9617361788845003e-16	0.0	0.0	0.0	0.9994844305085963	0.0	0.0	0.0	-5.155694914035225e-05	575
0.0	0.0	0.9999999999999996	4.708195168423094e-16	0.0	0.0	0.0	0.0	0.0	0.0	-2.6730306992246804e-18	576
0.0	0.7747272703276095	0.0	0.22527272967239007	0.0	4.969548593330472e-16	0.0	0.0	0.0	0.0	0.0	577
3.8860321541469314e-16	0.0	0.0	0.0	0.0	0.0	0.0	0.0	0.0	0.9999999999999997	0.09999999999999992	578
0.19748317308716765	0.4178537226293151	0.0	0.0	0.0	0.3846631042835172	0.0	0.0	0.0	0.0	-0.019748317308716765	579
0.0	0.0	0.9940662901996646	0.005933709800335244	0.0	1.8695255243838964e-16	0.0	0.0	0.0	0.0	7.806255641895632e-19	580
0.0	0.0	0.0	0.0	0.0	0.0	0.0012373742272484356	0.0	0.9987626257727515	0.0	0.0	581
0.2433470293100336	0.0	0.0	0.743775986702799	0.012876983987167493	0.0	0.0	0.0	0.0	0.0	-0.024334702931003357	582
0.0	0.012863268312052914	0.0	0.0	0.0	0.6056950465871029	0.0	0.0	0.0	0.38144168510084414	0.03814416851008441	583
0.0	0.0	0.9999999999999996	4.969548593330472e-16	0.0	0.0	0.0	0.0	0.0	0.0	-5.286564948298461e-18	584
0.0	0.0	0.0	0.0	0.0	0.23147726222797205	0.0	0.0	0.0	0.768522737772028	0.0768522737772028	585
0.0	0.0	0.0011446741483210655	0.0	0.0	0.0	0.0	0.9850314390287948	0.013823886822884164	0.0	-6.938893903907229e-19	586
0.0	0.0	0.9999999999999996	0.0	4.644537033844309e-16	0.0	0.0	0.0	0.0	0.0	0.0	587
0.0	0.0	0.0	0.0	0.0	0.0	4.2875905132846954e-16	0.9999999999999997	0.0	0.0	-1.1102230246251566e-17	588
0.256962485036628	0.0	0.0	0.7417331572666968	0.0	4.963066524373763e-16	0.0	0.0	0.0013043576966747566	0.0	-0.0256962485036628	589
0.01092058645438149	0.6540607574748885	0.0	3.4407336733174487e-16	0.0	0.0	0.0	0.3341143870211493	0.0	0.0009042690495803719	-0.0010016317404801171	590
0.0	0.0	0.0	0.0	0.0	0.0	0.0	1.0	0.0	0.0	0.0	591
0.010231136738669376	0.0	0.16689703164239664	0.8228718316189337	3.223509730004583e-16	0.0	0.0	0.0	0.0	0.0	-0.0010231136738669366	592
0.0	0.23530786912908522	0.001194437507649838	4.544821428037706e-16	0.0	0.0	0.0	0.7634976933632646	0.0	0.0	0.0	593
0.9999999999999996	0.0	0.0	0.0	0.0	4.449124698069318e-16	0.0	0.0	0.0	0.0	-0.09999999999999995	594
0.0	0.0	0.0	4.2924273660219716e-16	0.0	0.7425400077361688	0.0	0.0	0.0	0.2574599922638307	0.02574599922638307	595
0.0	0.306243873613532	0.1576926948628444	0.0	0.0	0.5351491782925926	0.0	0.0	0.0	0.0009142532310310441	9.142532310310441e-05	596
0.1938908547983562	0.4895630513670219	0.0	0.0	0.31654609383462196	0.0	0.0	0.0	0.0	0.0	-0.019389085479835616	597
0.0	0.0	0.0	0.0	3.217596269916379e-16	0.0	0.9897876320642279	0.0	0.0	0.010212367935771736	0.0010212367935771736	598
0.0	0.3441109802471795	0.0	0.0	3.834817310220584e-16	0.0	0.0	0.45734157315777435	0.1985474465950457	0.0	-5.551115123125783e-18	599
0.257298093785597	0.0	0.0	0.7427019062144026	0.0	0.0	0.0	0.0	4.969548593330472e-16	0.0	-0.025729809378559697	600
0.7676216425320234	0.0	0.0	0.21717259361178318	4.790858434853169e-16	0.0	0.0	0.015205763856193053	0.0	0.0	-0.07676216425320234	601
0.9868207874009237	0.0	0.0010078392964033367	0.0	3.834817310220584e-16	0.0	0.0	0.0	0.0	0.012171373302672584	-0.09746494140982512	602
0.0	0.0	0.0	0.0	1.0	0.0	0.0	0.0	0.0	0.0	0.0	603
3.834817310220584e-16	0.0	0.0	0.5426584268422252	0.0	0.0	0.0	0.0	0.012171373302672584	0.44517019985510176	0.044517019985510144	604
0.0	0.0	0.22581644835283074	0.0	0.5816673090059669	0.19251624264120235	0.0	0.0	0.0	0.0	2.7755575615628915e-18	605
0.0	0.0	0.0	3.971825761479649e-16	0.9989561531209795	0.0010438468790201743	0.0	0.0	0.0	0.0	-2.4936649967166602e-18	606
0.0	0.0	0.0	0.0	1.8797558596552934e-16	0.0	0.9999999999999999	0.0	0.0	0.0	0.0	607
0.0	0.9999999999999997	0.0	4.253500962904717e-16	0.0	0.0	0.0	0.0	0.0	0.0	0.0	608
0.0	0.0	0.0	0.0	0.9844720108628358	0.0	0.0	0.0	0.0	0.0155279891371643	0.00155279891371643	609
0.0	3.8386860889075425e-16	0.0	0.9878163475335977	0.0	0.012183652466401948	0.0	0.0	0.0	0.0	0.0	610
0.0	0.0	0.0	4.416525954371518e-16	0.2649034313419943	0.0011607198075740484	0.0	0.0	0.7339358488504312	0.0	0.0	611
0.0	0.0	0.0	0.0	0.0	0.9999999999999997	0.0	0.0	4.292427366021972e-16	0.0	0.0	612
0.0	0.5167542638131059	0.0	0.0	0.4819413784902194	0.0	0.0	0.0	0.0013043576966747566	0.0	0.0	613
0.005210269884796843	0.0	0.7259952521998906	0.1468741380467315	0.0	0.0	0.12148890829515183	0.0004314315734291139	0.0	0.0	-0.0005210269884796941	614
0.0	0.0	0.9999999999999997	3.882067401753462e-16	0.0	0.0	0.0	0.0	0.0	0.0	-5.513983278779926e-18	615
0.0010629097301216588	0.0	0.0	0.0	0.0	0.6611609134090055	4.044359697839354e-16	0.0	0.0	0.3377761768608723	0.033671326713075066	616
0.0	0.0	0.0	0.0	0.0	4.708195168423094e-16	0.0012373742272484359	0.0	0.9987626257727511	0.0	0.0	617
0.0	0.2190693037634859	0.0	0.0	4.963066524373763e-16	0.0013043576966747566	0.0	0.0	0.7796263385398389	0.0	0.0	618
0.0	0.0	0.9844720108628358	0.0	0.015527989137163812	0.0	0.0	0.0	4.89238149675663e-16	0.0	0.0	619
0.0	3.9759760716931447e-16	0.0	0.9999999999999997	0.0	0.0	0.0	0.0	0.0	0.0	0.0	620
4.443928469496361e-16	0.9988320784591149	0.001167921540884654	0.0	0.0	0.0	0.0	0.0	0.0	0.0	-4.670742959067553e-17	621
0.0	0.0	0.0	0.0	0.0	0.0	1.0	0.0	0.0	0.0	0.0	622
0.0	0.0	0.009903439339644488	0.0	0.0	0.0	0.0	0.0	0.9900965606603555	0.0	0.0	623
0.0	0.0	0.0	0.0	0.9999999999999997	0.0	0.0	3.2568308113704255e-16	0.0	0.0	0.0	624
0.0	0.34689778089700873	0.0	0.0	0.0	0.0	0.0	0.6531022191029908	0.0	4.522261434563758e-16	4.5222614345637576e-17	625
0.9987626257727511	0.0	0.0	4.708195168423094e-16	0.0	0.0	0.0	0.0	0.0	0.0012373742272484359	-0.09975252515455027	626
4.3565070057481317e-16	0.0	0.0	0.0011449460561647584	0.0	0.19229582192844266	0.0	0.8065592320153921	0.0	0.0	-4.4408920985006264e-17	627
0.0	0.0	0.0	4.969548593330472e-16	0.0	0.0	0.0	0.0	0.0	0.9999999999999996	0.09999999999999995	628
0.0	0.9989209893748123	0.0	0.0	0.0010790106251872488	4.1056234244353647e-16	0.0	0.0	0.0	0.0	-8.339994052449521e-21	629
0.0	0.0	0.0	0.0	0.0155279891371643	0.0	0.9844720108628358	0.0	0.0	0.0	0.0	630
0.0	0.9999999999999997	4.253500962904717e-16	0.0	0.0	0.0	0.0	0.0	0.0	0.0	-9.228318890292473e-18	631
4.3565070057481327e-16	0.0011449460561647586	0.0	0.0	0.0	0.0	0.0	0.9988550539438349	0.0	0.0	-4.4408920985006264e-17	632
0.0	0.9986956423033247	0.0	0.0013043576966747566	0.0	0.0	0.0	0.0	0.0	4.963066524373763e-16	4.963066524373763e-17	633
0.0	0.07245973604759452	0.0	0.07962467188393382	0.0	0.8479155920684717	0.0	0.0	0.0	0.0	0.0	634
0.0	0.0	0.0	0.0	0.012863273081317027	0.0	0.9860715955017642	0.0	0.0	0.0010651314169188133	0.00010651314169188132	635
0.0	0.0	0.0	0.0	0.0	0.0	0.0	0.014236508922863158	0.9857634910771369	0.0	-1.1102230246251566e-17	636
0.0011139281367454315	0.18708630460914694	0.0	4.2384841674437017e-16	0.0	0.0	0.0	0.8117997672541072	0.0	0.0	-0.00011139281367454901	637
0.0	0.43953844878390924	0.0	0.2077316602888349	0.3515255273277135	0.0	0.0	0.0	0.0	0.0012043635995421104	0.00012043635995420549	638
0.9999999999999996	0.0	0.0	0.0	0.0	0.0	0.0	0.0	4.969548593330472e-16	0.0	-0.09999999999999995	639
0.0	0.7417331572666968	0.0	4.963066524373763e-16	0.0013043576966747566	0.256962485036628	0.0	0.0	0.0	0.0	0.0	640
0.0	3.9931024678721046e-16	0.6907602818991744	0.0	0.29551652294007463	0.001049438671031544	0.0	0.0	0.0	0.01267375648971891	0.0012673756489718889	641
0.0	0.013425732462173868	0.0	0.0	0.0	0.0	0.0	0.0	0.0011117053451482912	0.9854625621926778	0.09854625621926778	642
0.0	3.838686088907542e-16	0.8183770936502008	0.18162290634979877	0.0	0.0	0.0	0.0	0.0	0.0	-5.551115123125783e-18	643
0.0	0.0	0.0	0.0	4.969548593330472e-16	0.482570823457987	0.0	0.0	0.0	0.5174291765420125	0.05174291765420125	644
3.872701192438759e-16	0.0010177956677532918	0.0	0.0	0.9989822043322464	0.0	0.0	0.0	0.0	0.0	-3.3306690738754695e-17	645
0.0	0.9989488019245033	0.0	0.0	0.0	0.0	0.0	3.9997969822863744e-16	0.0	0.0010511980754962776	0.00010511980754962776	646
0.0	0.0	0.0	0.0	3.953760165103538e-16	0.012548887476452815	0.0	0.9874511125235468	0.0	0.0	0.0	647
0.0	0.17673645904974986	0.0	4.0040059856727886e-16	0.0	0.4474676450853491	0.0	0.3757958958649006	0.0	0.0	0.0	648
0.0	0.0	0.0	0.0	0.0	0.0	0.0	0.9874511125235468	3.953760165103538e-16	0.012548887476452815	0.0012548887476452864	649
0.012142364170856236	0.0010054372221039115	0.0	3.8256774442352583e-16	0.0	0.0	0.9868521986070394	0.0	0.0	0.0	-0.0012142364170856235	650
0.9994671587708777	0.0	0.0	0.0	0.0	0.0	0.0005328412291223427	0.0	0.0	0.0	-0.09994671587708777	651
0.0	0.0	0.0	0.0	0.9889734341171662	3.2084515976882062e-16	0.0	0.01018334354936276	0.0	0.0008432223334707545	8.432223334707667e-05	652
0.8499731291943046	0.1500268708056951	0.0	0.0	3.398893991356174e-16	0.0	0.0	0.0	0.0	0.0	-0.08499731291943045	653
0.0	0.0	0.0	0.008073351864714109	2.543659512563726e-16	0.0	0.0	0.0	0.991258141709543	0.0006685064257427215	6.685064257426765e-05	654
0.0	0.0	0.0	0.0	3.3329453304124344e-16	0.0	0.9999999999999997	0.0	0.0	0.0	0.0	655
0.0	3.5862202842431895e-16	0.0	0.0	0.011382348178309876	0.7735159930385093	0.0	0.0	0.0	0.2151016587831805	0.021510165878318048	656
0.0	0.0	0.0	3.3329453304124344e-16	0.0	0.0	0.0	0.9999999999999997	0.0	0.0	0.0	657
0.0	0.056590629211644206	0.0	0.0	0.0	0.0	0.0	0.9434093707883557	0.0	1.282073994888795e-16	1.282073994888795e-17	658
0.0	0.0005328412291223427	0.0	0.0	0.0	0.0	0.9994671587708777	0.0	0.0	0.0	0.0	659
0.0	0.9999999999999997	0.0	3.24422425012085e-16	0.0	0.0	0.0	0.0	0.0	0.0	0.0	660
0.0	0.19260548470945824	0.0	0.01019193761878426	0.0	0.0	3.2111593189422713e-16	0.7972025776717572	0.0	0.0	0.0	661
0.0	0.0	0.9999999999999998	2.0274549487499098e-16	0.0	0.0	0.0	0.0	0.0	0.0	1.9299110050040333e-18	662
0.0	0.9999999999999997	0.0	0.0	0.0	0.0	0.0	0.0	0.0	3.534957110475122e-16	3.534957110475122e-17	663
0.9889048403666044	3.495736197037195e-16	0.0	0.0	0.0	0.0	0.0	0.0	0.01109515963339523	0.0	-0.09889048403666044	664
0.01046774295710297	3.2980569154036004e-16	0.0	0.0	0.0	0.0	0.0	0.0	0.9895322570428967	0.0	-0.0010467742957102955	665
0.0	0.0	0.0	0.0	0.0	0.43315282926098847	3.492527526710797e-16	0.0	0.0	0.5668471707390111	0.05668471707390112	666
0.0	0.0	0.0	0.0	3.531676069755674e-16	0.9990718301193171	0.0	0.0	0.0009281698806826135	0.0	0.0	667
0.0	0.0	0.0	0.0	0.0	0.0	0.9999999999999997	0.0	3.3988939913561734e-16	0.0	0.0	668
0.0	0.0	0.010672656590433365	3.3626187629991416e-16	0.0	0.0	0.9893273434095663	0.0	0.0	0.0	0.0	669
0.0	0.16394838089764577	0.0	0.0	0.0	0.8360516191023541	1.281642151294222e-16	0.0	0.0	0.0	-1.7141912666906544e-18	670
3.6275098645416563e-16	0.0	0.0	0.9999999999999997	0.0	0.0	0.0	0.0	0.0	0.0	-3.3306690738754695e-17	671
0.008078752562714267	0.2240768122001908	0.0	0.0	2.5453611028167945e-16	0.0	0.0	0.7678444352370947	0.0	0.0	-0.0008078752562714287	672
0.0	0.0	0.010672656590433365	0.0	3.3626187629991416e-16	0.0	0.9893273434095663	0.0	0.0	0.0	0.0	673
0.0	0.008073351864714109	0.0	0.0	0.0006685064257427215	0.991258141709543	2.543659512563726e-16	0.0	0.0	0.0	-3.2321346331341275e-18	674
0.0	0.0	1.2768781348373512e-16	0.0	0.0	0.9959473009575436	0.004052699042456273	0.0	0.0	0.0	3.642919299551295e-18	675
0.0	0.0	0.0003368320364463275	0.0	0.9996631679635536	0.0	1.281642151294222e-16	0.0	0.0	0.0	0.0	676
0.0	3.582843437100456e-16	0.0	0.0	0.000941617322720109	0.3154099177163508	0.0	0.0	0.0	0.6836484649609288	0.06836484649609288	677
0.0	3.24422425012085e-16	0.20335518812621234	0.33110549666340494	0.0	0.46553931521038233	0.0	0.0	0.0	0.0	0.0	678
0.0	0.0006739474405687567	0.29768765504630545	0.0	0.7016383975131256	0.0	2.5643625134434374e-16	0.0	0.0	0.0	0.0	679
0.0	0.8499731291943049	0.0	0.0	0.0	0.0	0.0	0.0	0.1500268708056951	0.0	0.0	680
0.0	0.0	0.9999999999999998	0.0	0.0	0.0	0.0	0.0	2.0274549487499098e-16	0.0	0.0	681
0.0	0.0	0.0	0.9999999999999997	0.0	0.0	3.3329453304124344e-16	0.0	0.0	0.0	0.0	682
0.0	0.0	0.010467742957103301	0.0	0.0	0.48217558944861877	0.0	0.0	0.0	0.507356667594278	0.0507356667594278	683
0.0	0.9991948802236067	0.0008051197763932757	0.0	0.0	0.0	0.0	0.0	0.0	0.0	2.8080836267374563e-18	684
0.0	0.0	0.9991948802236067	0.0	0.0	0.0	0.0	0.0	0.0	0.0008051197763932757	8.051197763932757e-05	685
0.0	0.009629560332079262	0.0	0.0	0.0	0.0	0.0	0.0	0.9895730728409887	0.0007973668269319465	7.973668269319888e-05	686
0.0008051197763932757	0.0	0.0	0.0	0.0	0.9991948802236067	0.0	0.0	0.0	0.0	-8.051197763933037e-05	687
0.0	0.00963724475134701	0.0	0.0	0.0	0.0	0.0	0.990362755248653	0.0	0.0	0.0	688
0.0	0.0	0.0	1.0	0.0	0.0	0.0	0.0	0.0	0.0	0.0	689
0.0	0.0	0.0	0.0	0.0	0.0	0.00963724475134701	0.990362755248653	0.0	0.0	0.0	690
0.0	0.0	0.0	0.0	0.0	1.0	0.0	0.0	0.0	0.0	0.0	691
0.0008051197763932757	0.0	0.0	0.0	0.0	0.0	0.9991948802236067	0.0	0.0	0.0	-8.051197763933037e-05	692
0.9895730728409887	0.0	0.0	0.0	0.0007973668269319465	0.0	0.009629560332079262	0.0	0.0	0.0	-0.09895730728409888	693
0.0	0.0	0.0	0.0	0.0	0.0	0.0	1.0	0.0	0.0	0.0	694
0.0	0.0	1.0	0.0	0.0	0.0	0.0	0.0	0.0	0.0	0.0	695
0.0	0.0	1.0	0.0	0.0	0.0	0.0	0.0	0.0	0.0	0.0	696
0.0	0.0008051197763932757	0.0	0.0	0.0	0.0	0.0	0.0	0.9991948802236067	0.0	0.0	697
0.0	0.0	0.0	0.0	0.0	0.0	0.0	0.0	0.9991948802236067	0.0008051197763932757	8.051197763933037e-05	698
0.0	0.0	0.0	0.0	0.0	0.0	0.0	0.0	0.0	1.0	0.1	699
0.0	0.0	0.0	0.0	0.0	0.0	0.0	0.0	1.0	0.0	0.0	700
