0.6379490779533261	0.030063031181861787	0.33198789086481206	0.0	-0.15948726948833153	1
0.6379490779533261	0.03006303118186108	0.3319878908648128	0.0	-0.15948726948833153	2
0.6889126943471617	0.03006303118186179	0.2810242744709764	0.0	-0.17222817358679043	3
0.5603453598810734	0.0	0.2810242744709764	0.1586303656479502	-0.1004287485582808	4
0.0	0.0	0.0	1.0	0.25	5
0.3770213469385233	0.0	0.0	0.6229786530614767	0.06148932653073835	6
0.6927718457827174	0.3072281542172825	0.0	0.0	-0.17319296144567936	7
0.0	0.6927718457827174	0.30722815421728245	0.0	0.0	8
0.0	0.0	0.0	1.0	0.25	9
0.9660658712966141	0.033934128703385996	0.0	0.0	-0.24151646782415354	10
0.668786537527559	0.331213462472441	0.0	0.0	-0.16719663438188975	11
0.6808590859174187	0.0	0.3191409140825813	0.0	-0.17021477147935468	12
0.9403363360876348	0.0	0.059663663912365175	0.0	-0.2350840840219087	13
0.0	0.0	0.0	1.0	0.25	14
0.9403363360876357	0.059663663912364356	0.0	0.0	-0.23508408402190892	15
0.8555381142692712	0.08369084936873172	0.0	0.060771036361997224	-0.1986917694768185	16
0.6199947876426272	0.21524804011269189	0.1647571722446809	0.0	-0.1549986969106568	17
0.40477895091793553	0.5062096922911397	0.023948774012177654	0.06506258277874716	-0.0849290920347971	18
0.46984153369668197	0.5062096922911405	0.023948774012177657	0.0	-0.11746038342417049	19
0.5562340035197828	0.01113148846491004	0.06057271331102424	0.37206179470428286	-0.046043052203874966	20
0.0	0.0	1.0	0.0	0.0	21
0.9651607149220148	0.03483928507798513	0.0	0.0	-0.2412901787305037	22
0.0	0.0	0.0	1.0	0.25	23
0.5872432174180789	0.4127567825819211	0.0	0.0	-0.14681080435451974	24
0.0	0.0	0.0	1.0	0.25	25
0.63144525761574	0.0	0.36855474238425995	0.0	-0.157861314403935	26
0.0	1.0	0.0	0.0	0.0	27
0.09464926547747887	0.0	0.9053507345225211	0.0	-0.023662316369369718	28
0.3657037760630805	0.5483803512024025	0.08591587273451694	0.0	-0.09142594401577013	29
0.0	0.0	0.0	1.0	0.25	30
0.9859995423657577	0.0	0.014000457634242243	0.0	-0.24649988559143943	31
0.0	0.0	1.0	0.0	0.0	32
0.8579876603767417	0.0	0.021924826603176958	0.12008751302008146	-0.18447503683916505	33
0.8579876603767416	0.0	0.021924826603176954	0.12008751302008146	-0.18447503683916502	34
0.9134412813242222	0.0	0.021924826603176954	0.06463389207260087	-0.21220184731290534	35
0.4067964643239179	0.483306772057382	0.05545362094748057	0.054443142671219504	-0.0880883304131746	36
0.5742567334288363	0.0	0.0	0.42574326657116374	-0.037128366714418146	37
0.0	0.0	0.0	1.0	0.25	38
0.5384546092260555	0.4615453907739435	1.0183032560847104e-15	0.0	-0.13461365230651387	39
0.38585184960940766	0.0	0.6141481503905923	0.0	-0.09646296240235191	40
0.05633165653163927	0.49975516242840917	0.4439131810399516	0.0	-0.01408291413290981	41
0.04033810948173669	0.07626886556419019	0.0	0.8833930249540731	0.21076372886808412	42
0.5371211005762977	0.0	0.4628788994237023	0.0	-0.13428027514407442	43
0.5371211005762976	0.4411295097128606	0.02174938971084176	0.0	-0.1342802751440744	44
0.14836993740453727	0.48307532021120275	0.36855474238425995	0.0	-0.037092484351134325	45
0.7345308945686071	1.1941633535156717e-15	0.17895712509084077	0.08651198034055095	-0.16200472855701403	46
0.0	0.7662003425089209	0.2337996574910791	0.0	6.938893903907228e-18	47
0.36855474238425917	0.21379641016882614	0.0	0.4176488474469146	0.012273526265663859	48
0.09052148850992998	0.0	0.0	0.9094785114900701	0.20473925574503501	49
0.36210914028466545	0.0	0.567552727400148	0.07033813231518661	-0.07294275199236971	50
0.794332853326042	0.05924800209403084	0.14641914457992714	0.0	-0.1985832133315105	51
0.0	0.09052148850992997	0.1575092748010821	0.7519692366889879	0.18799230917224696	52
0.21683550827133238	0.0	0.0	0.7831644917286675	0.1415822458643338	53
0.8820410810346234	2.3385272570089926e-16	0.04578493135906467	0.07217398760631166	-0.20246677335707794	54
0.21683550827133213	0.0	0.0	0.7831644917286678	0.1415822458643339	55
0.8820410810346234	0.08216771456027841	0.03579120440509817	0.0	-0.22051027025865585	56
0.5260252996895021	0.0	0.0	0.47397470031049793	-0.013012649844751034	57
0.4854804933798827	0.5057860170974152	0.008733489522702151	0.0	-0.12137012334497067	58
0.07191382860240267	0.05149622911915014	0.8765899422784472	0.0	-0.017978457150600674	59
1.0	0.0	0.0	0.0	-0.25	60
0.13091647715759025	0.257331087596408	0.6117524352460019	0.0	-0.03272911928939756	61
0.0	0.0	0.0	1.0	0.25	62
0.07920527513871112	0.6432357131864724	0.27755901167481634	0.0	-0.01980131878467778	63
1.0	0.0	0.0	0.0	-0.25	64
0.0	0.9685705241941297	0.03142947580587026	0.0	1.0408340855860843e-17	65
0.0	0.0	0.0	1.0	0.25	66
0.8347219292090081	0.0	0.15066952142586304	0.014608549365128924	-0.20502834496096983	67
1.0	0.0	0.0	0.0	-0.25	68
0.9527662132236632	0.0076970018416780235	0.0395367849346586	0.0	-0.2381915533059158	69
1.0	0.0	0.0	0.0	-0.25	70
0.019112988986940777	0.0	0.0	0.9808870110130592	0.2404435055065296	71
0.9999999999999998	2.638250902881555e-16	0.0	0.0	-0.24999999999999994	72
0.0	0.0	1.0	0.0	0.0	73
0.9968288419625652	0.0	0.0	0.0031711580374348645	-0.24841442098128258	74
0.0	1.0	0.0	0.0	0.0	75
0.0	0.0	0.0	1.0	0.25	76
0.7334423334434649	0.24603408180953715	0.02052358474699794	0.0	-0.18336058336086622	77
0.28102427447097644	0.07786426972672314	0.6315720093674374	0.009539446434863144	-0.06787120700902832	78
0.990460553565137	0.0	0.0	0.009539446434863144	-0.24523027678256845	79
0.0	0.0	0.0	1.0	0.25	80
0.0	0.0	0.0	1.0	0.25	81
0.4131855278230225	0.0	0.5868144721769776	0.0	-0.10329638195575562	82
0.41444935786162795	0.5423620226429784	0.04318861949539361	0.0	-0.10361233946540699	83
1.0	0.0	0.0	0.0	-0.25	84
0.06763386817520682	0.0	0.1278780405357491	0.8044880912890441	0.1842135557784593	85
0.9751047659757744	0.02489523402422563	0.0	0.0	-0.2437761914939436	86
0.3233360824476386	0.6766639175523613	0.0	0.0	-0.08083402061190965	87
0.9074708978005667	0.09252910219943246	8.53317629290631e-16	0.0	-0.22686772445014167	88
0.9533506692050763	0.04664933079492376	0.0	0.0	-0.23833766730126907	89
0.8272802969964191	0.07503322247084296	0.09768648053273782	0.0	-0.20682007424910476	90
0.8272802969964191	0.027518068487588254	0.14520163451599252	0.0	-0.20682007424910476	91
0.5572740270459442	0.0	0.0	0.4427259729540559	-0.02863701352297207	92
0.4615453907739435	0.0	0.0	0.5384546092260565	0.01922730461302824	93
0.0	0.0	0.8734799640942573	0.12652003590574276	0.03163000897643567	94
0.9124196313650715	0.0875803686349285	0.0	0.0	-0.22810490784126788	95
0.07377167538407749	0.9262283246159225	0.0	0.0	-0.018442918846019368	96
0.0	0.0	0.3504098107150149	0.6495901892849851	0.16239754732124628	97
0.0	0.0	0.0	1.0	0.25	98
0.0	0.9219551667910253	0.07804483320897468	0.0	6.938893903907228e-18	99
0.83656946519844	0.16343053480155897	1.0772875546546172e-15	0.0	-0.20914236629961	100
0.12382123565137783	0.8172674927168198	0.05891127163180253	0.0	-0.03095530891284445	101
0.12382123565137783	0.8172674927168198	0.05891127163180253	0.0	-0.03095530891284445	102
0.9410887283681978	0.0	0.05891127163180228	0.0	-0.23527218209204945	103
0.14135473449396865	0.007245523340207423	0.0033677489896870756	0.8480319931761368	0.17666931467054203	104
0.7712334864717226	0.0	0.2287665135282773	0.0	-0.19280837161793066	105
0.0	0.0	0.0	1.0	0.25	106
0.9883545115035418	0.0	0.0	0.01164548849645828	-0.24417725575177088	107
1.0	0.0	0.0	0.0	-0.25	108
0.0	1.0	0.0	0.0	0.0	109
0.0	0.0	0.0	1.0	0.25	110
0.894325135866412	0.10567486413358784	0.0	0.0	-0.223581283966603	111
0.0	0.0	0.08088664492775742	0.9191133550722426	0.22977833876806064	112
0.8978938305149783	0.04922858403647771	0.052877585448543984	0.0	-0.22447345762874454	113
0.0	0.0	0.5709476200632685	0.4290523799367315	0.10726309498418288	114
1.0	0.0	0.0	0.0	-0.25	115
0.3193880206323382	0.2515595994309303	0.4290523799367315	0.0	-0.07984700515808454	116
0.10413703545566523	0.8886174412041274	0.007245523340207424	0.0	-0.026034258863916297	117
0.10413703545566522	0.007245523340207423	0.8886174412041272	0.0	-0.026034258863916304	118
0.0	0.0	0.0	1.0	0.25	119
0.9803157998042873	0.019684200195712598	0.0	0.0	-0.24507894995107182	120
0.9999999999999992	0.0	8.119210277596255e-16	0.0	-0.2499999999999998	121
0.0	0.0	0.0	1.0	0.25	122
0.0898678351676745	0.5104223270490427	0.3997098377832828	0.0	-0.02246695879191861	123
0.08986783516767452	0.0	0.9101321648323255	0.0	-0.022466958791918623	124
0.0	0.0	0.0	1.0	0.25	125
0.882766251580315	0.0	0.11386599942999784	0.0033677489896870756	-0.21984962564765698	126
0.07664830039169442	0.9233516996083055	0.0	0.0	-0.019162075097923614	127
0.9966322510103127	0.003367748989687076	2.4835005742943794e-16	0.0	-0.24915806275257818	128
0.015456970483004538	0.0	0.0	0.9845430295169953	0.2422715147584977	129
0.058642080985521323	0.45851630187925824	0.0	0.48284161713522045	0.10604988403742478	130
0.915338480083585	0.0	0.0	0.08466151991641499	-0.2076692400417925	131
0.0	0.0	0.0	1.0	0.25	132
0.5302823286992115	0.0	0.357305094675588	0.11241257662520031	-0.1044674380185028	133
0.5821918424957132	0.0	0.35730509467558796	0.06050306282869881	-0.1304221949167536	134
0.5821918424957124	0.0	0.3573050946755887	0.06050306282869881	-0.13042219491675341	135
0.0	0.0	0.0	1.0	0.25	136
0.868178409778123	0.021924826603176954	0.10989676361870009	0.0	-0.21704460244453075	137
0.3746808883193596	0.0	0.570875969009421	0.054443142671219504	-0.08005943641203501	138
0.3151168436190543	0.010190749401382116	0.6746924069795636	0.0	-0.07877921090476357	139
0.2915004579322598	0.0	0.7084995420677394	7.515029198530724e-16	-0.07287511448306476	140
0.0	0.0	0.0	1.0	0.25	141
1.0	0.0	0.0	0.0	-0.25	142
0.3923167936988194	0.5049647369071557	0.0	0.10271846939402492	-0.07239958107619862	143
0.371030645375561	0.0	0.0	0.628969354624439	0.0644846773122195	144
0.8825016527972622	0.11749834720273751	2.3385272570089926e-16	0.0	-0.22062541319931556	145
0.0	0.0	0.0	1.0	0.25	146
0.11976438034806437	0.11067577828620563	0.7695598413657299	0.0	-0.029941095087016117	147
0.11976438034806437	0.8802356196519355	0.0	0.0	-0.02994109508701609	148
0.17365511130857142	0.8263448886914285	0.0	0.0	-0.04341377782714287	149
0.7412054823066598	0.0	0.1278780405357491	0.1309164771575911	-0.15257225128726717	150
0.0	0.0	0.0	1.0	0.25	151
0.25879451769333933	0.7412054823066598	8.53317629290631e-16	0.0	-0.06469862942333483	152
0.6285467571347465	0.0	0.3714532428652536	0.0	-0.15713668928368663	153
0.05624704594518803	0.9437529540548121	0.0	0.0	-0.014061761486297009	154
0.9999999999999993	0.0	6.439214670851365e-16	0.0	-0.24999999999999983	155
0.0	0.0	0.0	1.0	0.25	156
0.43360508301660433	0.0	0.0	0.5663949169833958	0.033197458491697876	157
1.0	0.0	0.0	0.0	-0.25	158
0.9448261196710321	0.055173880328967764	0.0	0.0	-0.23620652991775803	159
0.508745979054036	1.0183032560847104e-15	0.49125402094596304	0.0	-0.127186494763509	160
0.09822087643526071	0.028027588130862313	0.8550664764476713	0.01868505898620554	-0.019883954362263784	161
0.9926124449342869	0.007387555065713123	0.0	0.0	-0.24815311123357173	162
0.0	0.9999999999999998	2.532183858482285e-16	0.0	-7.793445230799298e-18	163
0.0	0.018344579034245842	0.9816554209657541	0.0	0.0	164
0.7439169348272543	0.029708630172019544	0.2263744350007263	0.0	-0.18597923370681357	165
0.2072306480158801	0.0	0.07377167538407749	0.7189976766000424	0.12794175714604059	166
0.7703768164683547	0.0	0.22962318353164538	0.0	-0.19259420411708866	167
0.20723064801587907	0.0751408960374316	0.7176284559466894	0.0	-0.051807662003969746	168
0.0	0.0	0.0	1.0	0.25	169
0.6985831828314212	0.0	0.020758178224642727	0.280658638943936	-0.10448113597187128	170
0.7006283667557051	0.01597914011986426	0.0	0.2833924931244306	-0.10430896840781861	171
1.0	0.0	0.0	0.0	-0.25	172
0.0	0.0	1.0	0.0	0.0	173
0.0	0.0	0.0	1.0	0.25	174
1.0	0.0	0.0	0.0	-0.25	175
0.0	0.8965196944439031	0.10348030555609704	0.0	1.734723475976807e-17	176
0.0	0.0	0.0	1.0	0.25	177
0.018502886202314384	0.032649740613503765	0.0	0.9488473731841819	0.2325861217454669	178
0.8326402733017886	0.1501336964133296	0.017226030284881746	0.0	-0.20816006832544715	179
0.9814971137976853	0.018502886202314384	2.3344574863427815e-16	0.0	-0.24537427844942133	180
0.9751047659757744	0.0	0.02489523402422563	0.0	-0.2437761914939436	181
1.0	0.0	0.0	0.0	-0.25	182
0.1620837043450671	0.0	0.0	0.8379162956549329	0.16895814782746643	183
0.1620837043450671	0.6984668481556786	0.13944944749925428	0.0	-0.04052092608626679	184
0.9577825712351272	0.04221742876487282	0.0	0.0	-0.2394456428087818	185
0.0	0.0	1.0	0.0	0.0	186
0.0645014913210591	0.9354985086789409	0.0	0.0	-0.016125372830264773	187
0.0	0.0	0.0	1.0	0.25	188
0.0	0.0	0.0	1.0	0.25	189
0.7346586034056011	0.0	0.0	0.2653413965943989	-0.11732930170280054	190
0.174675966898065	0.8253240331019348	2.1106429135192074e-16	0.0	-0.04366899172451624	191
0.0	0.0	0.0	1.0	0.25	192
0.9883545115035418	0.0	0.0	0.011645488496458278	-0.24417725575177088	193
0.42816693875078754	0.34306654772093603	0.0	0.22876651352827646	-0.04985010630562777	194
0.12869673106352303	0.0	0.7712334864717226	0.10006978246475429	-0.007156737149692199	195
0.0	0.0	0.0	1.0	0.25	196
0.0	0.0	1.0	0.0	0.0	197
1.0	0.0	0.0	0.0	-0.25	198
0.0	1.0	0.0	0.0	0.0	199
0.0	0.0	0.0	1.0	0.25	200
0.0	0.0	0.0	1.0	0.25	201
0.9551844431258462	0.04481555687415384	0.0	0.0	-0.23879611078146154	202
0.7497538560300697	0.25024614396993017	0.0	0.0	-0.18743846400751743	203
0.8134488972583449	0.09384644858886575	0.09270465415278939	0.0	-0.20336222431458623	204
0.17474004632264753	0.8252599536773522	2.4752406575634735e-16	0.0	-0.04368501158066188	205
0.0	0.0	0.0	1.0	0.25	206
0.06528091542919524	0.0	0.9134304863114728	0.02128859825933211	-0.010998079292465768	207
0.9820679498768041	0.0	2.4752406575634735e-16	0.017932050123195594	-0.24103397493840215	208
0.7862035898311729	0.21379641016882714	0.0	0.0	-0.19655089745779322	209
0.870511449444536	0.12948855055546402	0.0	0.0	-0.217627862361134	210
0.7862035898311728	0.03483928507798513	0.178957125090842	0.0	-0.1965508974577932	211
0.09464926547747889	0.0	0.0	0.9053507345225211	0.20267536726126056	212
0.0	0.01759944620053296	0.0	0.9824005537994671	0.24560013844986678	213
0.9999999999999994	0.0	6.032446890859835e-16	0.0	-0.24999999999999986	214
0.7402276842601981	0.259772315739802	0.0	0.0	-0.18505692106504953	215
0.3522687878397988	0.6477312121602005	6.032446890859835e-16	0.0	-0.0880671969599497	216
0.7862035898311728	0.17895712509084077	0.03483928507798633	0.0	-0.19655089745779317	217
0.786203589831174	0.17895712509084077	0.03483928507798513	0.0	-0.1965508974577935	218
0.913488019659449	0.0	0.0	0.08651198034055095	-0.20674400982972452	219
0.13217649469326923	0.0	0.0	0.8678235053067308	0.1839117526533654	220
0.9101664891375446	0.0	0.0	0.08983351086245545	-0.2050832445687723	221
0.03257322488262458	0.0	0.0	0.9674267751173755	0.23371338755868773	222
0.5583727155582566	0.3063419973008183	0.1352852871409252	0.0	-0.13959317888956416	223
0.0	0.0	0.0	1.0	0.25	224
0.8905659773022744	0.017520653616692847	0.09191336908103276	0.0	-0.2226414943255686	225
0.0	0.0	0.0	1.0	0.25	226
0.8389154874079252	0.04350681817517351	0.11757769441690129	0.0	-0.2097288718519813	227
0.570271174368115	0.0	0.0	0.42972882563188497	-0.035135587184057515	228
0.0	0.6436656557636573	0.3563343442363427	0.0	0.0	229
0.43136076299257414	0.0	0.0	0.5686392370074259	0.03431961850371294	230
0.3563343442363427	0.0	0.0	0.6436656557636573	0.07183282788182865	231
0.0	0.0	0.0	1.0	0.25	232
0.9455568573287805	0.0	0.054443142671219504	0.0	-0.23638921433219512	233
0.0	0.3253075930204364	0.6746924069795636	0.0	2.7755575615628914e-17	234
0.0	0.0	0.0	1.0	0.25	235
0.6479760737479641	0.0	0.35202392625203593	0.0	-0.16199401843699102	236
0.8103027805787979	0.0	0.0	0.189697219421202	-0.15515139028939898	237
0.447279331728977	0.0	0.5527206682710231	0.0	-0.11181983293224425	238
0.2354742901940243	0.7645257098059757	0.0	0.0	-0.05886857254850608	239
0.32642838586854706	0.6117524352460009	0.0	0.06181917888545204	-0.06615230174577376	240
0.0	0.0	0.0	1.0	0.25	241
0.9301697775306695	0.0	0.06983022246933038	0.0	-0.23254244438266738	242
0.5621670182389675	0.36800275929170206	0.06983022246933038	0.0	-0.14054175455974188	243
0.5621670182389683	0.0	0.43783298176103164	0.0	-0.14054175455974208	244
0.0	0.0	0.3063775793239513	0.6936224206760487	0.17340560516901216	245
0.7001243744170309	0.29987562558296915	0.0	0.0	-0.17503109360425773	246
0.7098506363505007	0.29014936364949845	7.172499248453388e-16	0.0	-0.17746265908762515	247
0.0	0.0	0.0	1.0	0.25	248
1.0	0.0	0.0	0.0	-0.25	249
0.6219687128030253	0.0	0.3780312871969746	0.0	-0.15549217820075634	250
0.9524172497177292	0.0	0.04019591906767992	0.007386831214590849	-0.2362576046257846	251
0.4981997310108194	0.0	0.04019591906767992	0.4616043499215008	-0.009148845272329642	252
0.6349816399198552	0.0	0.36501836008014493	0.0	-0.1587454099799638	253
0.0	0.1760506863303574	0.0	0.8239493136696426	0.20598732841741066	254
0.8744686100940573	0.11092284054081283	0.014608549365130005	0.0	-0.21861715252351432	255
0.8219609158333121	0.08538570159258431	0.0926533825741036	0.0	-0.20549022895832803	256
0.0	0.0	0.0	1.0	0.25	257
1.0	0.0	0.0	0.0	-0.25	258
0.182498954907723	0.0	0.8175010450922771	0.0	-0.045624738726930736	259
0.0	1.0	0.0	0.0	0.0	260
0.6050423440131432	0.09464926547747889	0.3003083905093781	0.0	-0.1512605860032858	261
0.7839994691039851	0.18116124581802984	0.03483928507798513	0.0	-0.19599986727599628	262
0.7839994691039851	0.18116124581802984	0.03483928507798513	0.0	-0.19599986727599628	263
0.4632040078617376	1.1941633535156717e-15	0.19515056780210885	0.3416454243361523	-0.030389645881396317	264
0.0	0.0	0.0	1.0	0.25	265
0.7192135350695786	0.0	0.0	0.28078646493042136	-0.10960676753478932	266
0.9409916862481346	0.05900831375186539	0.0	0.0	-0.23524792156203364	267
0.0	0.7192135350695786	0.28078646493042136	0.0	0.0	268
0.8541876518874819	0.14581234811251798	0.0	0.0	-0.21354691297187048	269
0.10383290077262396	0.00632761382590578	0.0	0.8898394854014702	0.19650164615721155	270
0.8605152657133877	0.1394847342866122	2.1688747427456615e-16	0.0	-0.21512881642834691	271
0.976481907106957	0.023518092893043	0.0	0.0	-0.24412047677673926	272
1.0	0.0	0.0	0.0	-0.25	273
0.0	0.021924826603176954	0.9780751733968231	0.0	-2.7755575615628914e-17	274
0.23193641323195444	0.010190749401381363	0.7578728373666641	0.0	-0.05798410330798859	275
0.0	0.0	0.0	1.0	0.25	276
0.17161306725490974	0.6779085338103863	0.15047839893470405	0.0	-0.04290326681372744	277
0.997206513411844	0.0	2.0600185961642204e-16	0.0027934865881558265	-0.24860325670592204	278
0.022801406209821577	0.01632768636073639	0.960870907429442	0.0	-0.005700351552455379	279
0.0	0.0	0.0	1.0	0.25	280
0.7167317679735429	0.0	0.28326823202645707	0.0	-0.17918294199338572	281
0.9838065572887308	0.0	0.016193442711269244	0.0	-0.2459516393221827	282
0.0	0.0	0.0	1.0	0.25	283
0.9999999999999988	0.0	1.1941633535156717e-15	0.0	-0.2499999999999997	284
0.4827084363106182	0.5172915636893817	0.0	0.0	-0.12067710907765455	285
0.9796871910339059	0.0	0.02031280896609419	0.0	-0.24492179775847647	286
0.0	0.0	0.0	1.0	0.25	287
0.5083966387114833	0.0	0.49160336128851656	0.0	-0.12709915967787083	288
0.0	0.0	0.0	1.0	0.25	289
0.913488019659449	0.08651198034055095	0.0	0.0	-0.22837200491486226	290
0.0	0.913488019659449	0.08651198034055095	0.0	3.469446951953614e-18	291
0.0	0.0	0.0	1.0	0.25	292
0.7925198378637723	0.0	0.19287161277109874	0.014608549365128924	-0.19447782212466086	293
0.0	0.0	0.0	1.0	0.25	294
0.9073466174258954	0.0	0.0	0.09265338257410467	-0.20367330871294767	295
0.8239493136696439	0.0	0.1614421369652274	0.014608549365128927	-0.20233519107612874	296
0.8335885471325003	0.0	0.1526027596166488	0.01380869325085102	-0.20494496347041233	297
0.0	0.0	0.0	1.0	0.25	298
0.0	0.9861913067491491	0.0	0.01380869325085102	0.003452173312712755	299
0.4615453907739435	0.0	0.0	0.5384546092260565	0.01922730461302824	300
0.0	0.0	0.0	1.0	0.25	301
0.1287515189955897	0.07807354018426484	0.7931749408201455	0.0	-0.03218787974889742	302
1.0	0.0	0.0	0.0	-0.25	303
0.18796090269152488	0.3072281542172825	0.5048109430911927	0.0	-0.04699022567288123	304
0.9927334431008935	0.0	0.007266556899106537	0.0	-0.24818336077522338	305
0.9927334431008935	0.0	0.007266556899106539	0.0	-0.24818336077522338	306
0.0	0.0	0.0	1.0	0.25	307
0.9539125302902088	0.0	0.007266556899106537	0.03882091281068462	-0.22877290436988104	308
0.9656621394881773	0.0	0.03433786051182271	0.0	-0.2414155348720443	309
0.9656621394881778	0.034337860511822235	0.0	0.0	-0.24141553487204445	310
0.0	0.0	0.0	1.0	0.25	311
0.9518339216317572	0.013828217856420001	0.0343378605118227	0.0	-0.2379584804079393	312
0.0	0.0	0.0	1.0	0.25	313
0.995140667347956	0.004859332652043896	0.0	0.0	-0.248785166836989	314
0.995140667347956	0.004859332652043896	0.0	0.0	-0.248785166836989	315
0.6053497817269685	0.004859332652043896	0.0	0.38979088562098757	-0.053889724026495237	316
0.8658671338584678	0.08415697874712263	0.04997588739440959	0.0	-0.21646678346461695	317
0.9500241126055912	0.0	0.0499758873944089	0.0	-0.2375060281513978	318
0.9298982967231515	0.0	0.0701017032768484	0.0	-0.23247457418078787	319
0.0	0.0	0.0	1.0	0.25	320
0.0	0.0	0.0	1.0	0.25	321
0.0	0.0	0.0	1.0	0.25	322
0.871303268936477	0.12869673106352303	0.0	0.0	-0.21782581723411926	323
0.6452879637826049	0.0	0.0	0.35471203621739517	-0.07264398189130243	324
0.9135421659629261	0.0	0.014088773169129319	0.07236906086794442	-0.21029327627374544	325
0.0	0.0	0.0	1.0	0.25	326
0.617015664509304	0.12209202631947487	0.26089230917122114	0.0	-0.154253916127326	327
0.5787401364968324	0.16036755433194644	0.26089230917122114	0.0	-0.1446850341242081	328
0.2681460637440205	0.731853936255979	5.091174354685689e-16	0.0	-0.06703651593600513	329
0.0	0.0	0.0	1.0	0.25	330
0.36356954445930595	0.636430455540694	0.0	0.0	-0.09089238611482649	331
0.4033315428270832	0.05097946395207465	0.0	0.5456889932208421	0.035589362598439714	332
0.1108427081887469	0.08651198034055095	0.0	0.8026453114707021	0.1729506508204888	333
0.913488019659449	0.08651198034055095	0.0	0.0	-0.22837200491486226	334
0.8786487345814626	0.08651198034055096	0.03483928507798633	0.0	-0.21966218364536566	335
0.4939005494859359	0.5060994505140629	1.1941633535156717e-15	0.0	-0.123475137371484	336
0.0	0.0	0.0	1.0	0.25	337
0.833737660701463	0.0	0.0	0.16626233929853693	-0.16686883035073152	338
0.06213391506260656	0.7752823085048999	0.0	0.1625837764324935	0.025112465342471732	339
0.0	0.0	0.0	1.0	0.25	340
0.990544979590214	0.0	0.0	0.009455020409785998	-0.24527248979510702	341
0.0	0.0	0.0	1.0	0.25	342
0.01753601611413906	0.0	0.07128370558064528	0.9111802783052156	0.22341106554776913	343
1.0	0.0	0.0	0.0	-0.25	344
1.0	0.0	0.0	0.0	-0.25	345
0.5468531818330641	0.0	0.39835984010806796	0.054786978058868056	-0.123016550943549	346
0.569120327599075	0.43087967240092456	4.949790929135526e-16	0.0	-0.14228008189976876	347
0.0	0.0	0.0	1.0	0.25	348
0.0	0.0	0.0	1.0	0.25	349
0.053725100239358954	0.32700373381253794	0.4850353634959378	0.13423580245216524	0.02012767555320158	350
1.0	0.0	0.0	0.0	-0.25	351
0.9370831291906919	0.0	0.0	0.06291687080930809	-0.21854156459534596	352
0.0	0.0	0.0	1.0	0.25	353
0.9219551667910253	0.0	0.0	0.07804483320897468	-0.21097758339551265	354
0.8385578630347716	0.0	0.16144213696522847	0.0	-0.2096394657586929	355
0.6276407715362455	0.3723592284637545	0.0	0.0	-0.15691019288406138	356
0.6687760387898225	0.07377167538407749	0.2574522858260999	0.0	-0.16719400969745563	357
0.0	0.0	0.0	1.0	0.25	358
0.0	0.07514089603743261	0.8121477613076757	0.11271134265489176	0.02817783566372295	359
0.3858518496094087	0.6141481503905913	0.0	0.0	-0.09646296240235218	360
0.057651085547162625	0.6685378742416792	0.2738110402111581	0.0	-0.014412771386790646	361
0.28442331190028247	0.0	0.0	0.7155766880997175	0.10778834404985876	362
0.9999999999999996	0.0	5.208551929795151e-16	0.0	-0.2499999999999999	363
0.03843405750926357	0.0	0.0	0.9615659424907363	0.2307829712453682	364
0.0	0.0	0.0	1.0	0.25	365
0.0	0.01380869325085102	0.9861913067491491	0.0	2.7755575615628914e-17	366
0.9262283246159225	0.0	0.0	0.07377167538407749	-0.21311416230796126	367
0.08071061211013628	0.9054806946390127	0.0	0.01380869325085102	-0.01672547971482132	368
0.1200367193990011	0.019467730818842805	0.8604955497821561	0.0	-0.030009179849750267	369
0.07835414622354182	0.01995643083744819	0.8820966390463126	0.019592783892697162	-0.014690340582711181	370
0.02448834777050128	2.638250902881555e-16	0.06670151759517917	0.9088101346343193	0.2210804467159545	371
0.027164732660520566	0.0	0.0	0.9728352673394794	0.23641763366973972	372
0.011378419742857825	0.0	0.0	0.9886215802571421	0.24431079012857107	373
0.9886215802571421	0.0	0.011378419742857825	0.0	-0.24715539506428552	374
0.25996085787327256	0.31580369341660747	0.42423544871011987	0.0	-0.06499021446831814	375
0.05454691856231224	0.5159288965253672	0.42952418491232053	0.0	-0.013636729640578063	376
0.4896542737162359	0.0	0.0	0.5103457262837641	0.0051728631418820475	377
0.0	0.0	0.0	1.0	0.25	378
0.6436656557636573	0.30722815421728245	0.0	0.049106190019060185	-0.1486398664361493	379
0.187049479584599	0.5057223661981178	0.30722815421728317	0.0	-0.04676236989614975	380
0.6236881863798601	0.11084270818874692	0.26546910543139296	0.0	-0.155922046594965	381
0.9999999999999988	1.1941633535156717e-15	0.0	0.0	-0.2499999999999997	382
0.13217649469326923	0.1789571250908408	0.40339402746224395	0.2854723527536461	0.038323964515094205	383
1.0	0.0	0.0	0.0	-0.25	384
0.48066494331552345	0.0	0.0	0.5193350566844765	0.009667528342238274	385
0.3723565244607153	0.45841285465325543	0.16923062088602916	0.0	-0.09308913111517883	386
0.220245504541159	0.022446630143658185	0.7573078653151828	0.0	-0.05506137613528975	387
0.4002753217681363	0.0	0.0	0.5997246782318637	0.04986233911593185	388
0.20445196245728905	0.017226030284881746	0.7783220072578292	0.0	-0.05111299061432226	389
0.9931893044925814	0.0	0.006810695507418732	0.0	-0.24829732612314534	390
0.04275118192302558	0.15694439192074833	0.800304426156226	0.0	-0.010687795480756379	391
0.0	0.0	0.0	1.0	0.25	392
0.09444983616986116	0.0	0.0	0.9055501638301389	0.20277508191506943	393
0.23662166953796096	0.573681111040837	0.189697219421202	0.0	-0.05915541738449023	394
1.0	0.0	0.0	0.0	-0.25	395
0.8605505525007459	8.533176292906312e-16	0.12787804053574914	0.01157140696350431	-0.21224478638431038	396
0.7821430654420399	8.178265321311544e-16	0.14641914457992633	0.07143778997803296	-0.17767631886600174	397
0.0	0.0	0.0	1.0	0.25	398
0.43244727259985205	0.0	0.567552727400148	0.0	-0.10811181814996301	399
0.9296618676848125	0.0	8.178265321311546e-16	0.07033813231518661	-0.21483093384240648	400
1.0	0.0	0.0	0.0	-0.25	401
0.8752142628851576	0.0	0.06181917888545204	0.06296655822939039	-0.2030619261639418	402
1.0	0.0	0.0	0.0	-0.25	403
1.0	0.0	0.0	0.0	-0.25	404
0.9455568573287798	0.0	0.05444314267122025	0.0	-0.23638921433219495	405
0.0	0.0	1.0	0.0	0.0	406
0.2319364132319545	0.713620444096826	0.054443142671219504	0.0	-0.05798410330798861	407
0.0	0.0	0.0	1.0	0.25	408
0.0	1.0	0.0	0.0	0.0	409
0.0	0.0	0.0	1.0	0.25	410
1.0	0.0	0.0	0.0	-0.25	411
0.0	0.0	1.0	0.0	0.0	412
0.8932747436977619	0.10672525630223809	0.0	0.0	-0.22331868592444049	413
0.0	0.9808870110130594	0.019112988986940516	0.0	-1.1275702593849246e-17	414
0.02091074972011838	0.0	0.0	0.9790892502798816	0.2395446251399408	415
0.9728352673394794	0.007697001841677761	0.0	0.019467730818842805	-0.23834188413015917	416
0.698085925606827	0.12295694930233214	0.17895712509084077	0.0	-0.17452148140170676	417
0.6980859256068258	0.12295694930233214	0.178957125090842	0.0	-0.17452148140170642	418
0.23648760162888427	0.7635123983711157	0.0	0.0	-0.05912190040722107	419
0.7345308945686071	0.0	0.0	0.26546910543139296	-0.11726544728430353	420
0.9953284504317658	0.0	0.004671549568234232	0.0	-0.24883211260794144	421
0.9579730718859988	0.0	0.04202692811400125	0.0	-0.2394932679714997	422
0.0	0.0	0.0	1.0	0.25	423
0.763724829969769	0.2316036204619968	0.004671549568234231	0.0	-0.19093120749244225	424
0.9999999999999992	0.0	7.639063231393656e-16	0.0	-0.2499999999999998	425
0.0	0.0	0.0	1.0	0.25	426
0.4829121306538683	0.056368871715143244	0.46071899763098845	0.0	-0.12072803266346707	427
0.9777133085801243	0.0	0.0	0.022286691419875763	-0.23885665429006214	428
0.0	1.0	0.0	0.0	0.0	429
0.0	0.0	0.0	1.0	0.25	430
0.9377454098828257	0.0	0.009815607673095339	0.052438982444079046	-0.22132660685968666	431
0.057371373897356366	0.0	0.9426286261026435	0.0	-0.01434284347433909	432
0.1427444750874051	0.48330677205738276	0.3739487528552121	0.0	-0.03568611877185128	433
0.9445463790525201	0.0	0.05545362094747982	0.0	-0.23613659476313004	434
0.08318043038709978	0.5387603930048618	0.3780591766080384	0.0	-0.020795107596774928	435
0.4622500852713985	0.483306772057382	0.0	0.054443142671219504	-0.10195173565004474	436
0.5670156629657075	0.01878961358817614	0.0	0.4141947234461164	-0.03820523487989777	437
0.9812103864118239	0.018789613588176147	0.0	0.0	-0.24530259660295597	438
1.0	0.0	0.0	0.0	-0.25	439
0.19737920759966246	0.0	0.29191044810318995	0.5107103442971475	0.07833278417437124	440
0.0	0.0	0.0	1.0	0.25	441
0.0	0.606563148903824	0.3838974046613129	0.009539446434863142	0.002384861608715802	442
0.0	0.0	0.0	1.0	0.25	443
0.9490363836061644	0.050963616393835655	0.0	0.0	-0.2372590959015411	444
0.11627190298883627	0.0	0.007085651035866221	0.8766424459752975	0.1900926357466153	445
0.9896209092777425	0.007085651035866221	0.0032934396863913092	0.0	-0.24740522731943562	446
0.9749928842328182	0.0	0.02500711576718195	0.0	-0.24374822105820454	447
0.9820785352686845	0.0	0.01792146473131548	0.0	-0.24551963381717112	448
0.8965865560018622	0.1034134439981375	2.3385272570089926e-16	0.0	-0.22414663900046555	449
0.8965865560018622	0.1034134439981375	2.3385272570089926e-16	0.0	-0.22414663900046555	450
0.0	0.0	0.0	1.0	0.25	451
0.9034091249183942	0.09659087508160563	2.338527257008993e-16	0.0	-0.22585228122959855	452
0.0	0.0	0.0	1.0	0.25	453
0.7459044804606679	0.23948697017420206	0.014608549365130001	0.0	-0.18647612011516698	454
0.9685705241941298	0.0	0.0	0.03142947580587026	-0.23428526209706488	455
0.9539619748290008	0.0	0.014608549365128924	0.03142947580587026	-0.23063312475578263	456
0.0	0.0	0.0	1.0	0.25	457
0.5487858770166113	0.024895234024225627	0.4263188889591629	0.0	-0.13719646925415283	458
0.0	1.0	0.0	0.0	0.0	459
0.9884285930364949	0.0	0.0	0.011571406963505162	-0.24421429651824744	460
1.0	0.0	0.0	0.0	-0.25	461
0.9226215524493425	0.0	0.07737844755065754	0.0	-0.23065538811233566	462
0.0	0.0	0.0	1.0	0.25	463
0.9445463790525194	0.05545362094747982	7.515029198530724e-16	0.0	-0.23613659476312984	464
0.0	0.0	0.0	1.0	0.25	465
0.0	1.0	0.0	0.0	0.0	466
0.0	0.0	0.0	1.0	0.25	467
0.07128576993376623	0.4617185706594556	0.4669956594067782	0.0	-0.017821442483441557	468
0.2616650452487332	0.26546910543139296	0.0	0.4728658493198738	0.05280020101778515	469
0.0	0.0	0.0	1.0	0.25	470
0.6958818048796368	0.18276692970182587	0.12135126541853727	0.0	-0.1739704512199092	471
0.5953805025550069	0.31810751710444224	0.08651198034055096	0.0	-0.1488451256387517	472
0.10486895346837113	0.1548326414742462	0.7402984050573826	0.0	-0.026217238367092777	473
0.1747815899831233	0.8123705175521713	0.012847892464705407	0.0	-0.04369539749578083	474
0.8614486780529895	0.13855132194701053	0.0	0.0	-0.21536216951324738	475
0.0	0.0	0.0	1.0	0.25	476
0.8799124869799192	0.0	0.05545362094747982	0.06463389207260087	-0.2038196487268296	477
0.9353661079273983	0.0	7.515029198530723e-16	0.06463389207260085	-0.21768305396369936	478
0.3151168436190543	0.505231598660559	0.1694608083190054	0.010190749401381365	-0.07623152355441823	479
0.6260512471447871	7.515029198530724e-16	0.0	0.3739487528552121	-0.06302562357239375	480
0.0	0.0	0.0	1.0	0.25	481
0.559323349394431	0.3979911032908737	0.0	0.04268554731469526	-0.12915945051993394	482
0.07038357825094085	0.0	0.9296164217490591	0.0	-0.01759589456273522	483
0.6808590859174192	0.31914091408258083	0.0	0.0	-0.1702147714793548	484
0.0	0.0	0.0	1.0	0.25	485
0.1557548445367507	0.0	0.0	0.8442451554632492	0.17212257773162462	486
0.9782216550470454	0.0	0.0	0.021778344952954585	-0.2391108275235227	487
0.10617840115698567	0.8754770198087687	0.01834457903424559	0.0	-0.02654460028924641	488
1.0	0.0	0.0	0.0	-0.25	489
0.9724062453032858	0.01883784637616957	0.0	0.008755908320544731	-0.24091258424568526	490
0.14148412957887244	0.0	0.5184373428476957	0.3400785275734319	0.04964859949863984	491
0.0	0.0	0.0	1.0	0.25	492
0.8458415601654752	0.006689797454768924	0.14746864237975604	0.0	-0.2114603900413688	493
0.0	0.034363131082215295	0.0	0.9656368689177847	0.24140921722944617	494
0.0	0.034363131082215295	0.0	0.9656368689177847	0.24140921722944617	495
0.0	1.0	0.0	0.0	0.0	496
0.8385578630347715	0.16144213696522738	1.0772875546546172e-15	0.0	-0.20963946575869288	497
1.0	0.0	0.0	0.0	-0.25	498
0.11924004561999171	0.0	0.0	0.8807599543800084	0.19037997719000418	499
0.7290835540199266	0.03142947580587026	0.23948697017420315	0.0	-0.18227088850498163	500
0.3893949440979358	0.5487858770166114	0.0618191788854529	0.0	-0.09734873602448395	501
0.0	0.0	0.0	1.0	0.25	502
0.7108695813616785	0.18969721942120116	0.09943319921712034	0.0	-0.1777173953404196	503
0.9884285930364958	0.01157140696350431	0.0	0.0	-0.24710714825912394	504
0.6611483600317491	0.07234120478445591	0.26651043518379486	0.0	-0.1652870900079373	505
0.22304920993413455	0.51044035488207	0.2665104351837955	0.0	-0.05576230248353366	506
0.6028730058343884	0.13061655898181612	0.2665104351837955	0.0	-0.1507182514585971	507
0.18286739605854072	0.5506221687576645	0.26651043518379486	0.0	-0.0457168490146352	508
0.0	0.0	0.0	1.0	0.25	509
0.01817443767487336	0.0	2.2930180527658155e-16	0.9818255623251264	0.24091278116256326	510
0.9656368689177844	0.034363131082215295	2.2930180527658155e-16	0.0	-0.2414092172294461	511
0.0	0.8325016648145512	0.0	0.1674983351854488	0.0418745837963622	512
0.8361644635122276	0.16383553648777138	1.0932584750563231e-15	0.0	-0.2090411158780569	513
1.0	0.0	0.0	0.0	-0.25	514
0.27677824356390895	0.72322175643609	1.0772875546546172e-15	0.0	-0.06919456089097724	515
0.9219551667910243	0.0	0.0	0.07804483320897575	-0.21097758339551215	516
0.6164197451918181	0.10602124313336546	0.27755901167481634	0.0	-0.15410493629795452	517
0.0	0.0	0.0	1.0	0.25	518
0.8721219594642501	0.0	0.12787804053574997	0.0	-0.21803048986606255	519
0.0	1.0	0.0	0.0	0.0	520
0.939249268976816	0.01634516741235847	0.04440556361082553	0.0	-0.234812317244204	521
0.582003819414452	0.0	0.016345167412358474	0.4016510131731896	-0.04508820156031561	522
0.9836548325876415	0.01634516741235847	0.0	0.0	-0.24591370814691038	523
0.9760575316813331	0.023942468318666844	0.0	0.0	-0.24401438292033328	524
0.9196251007158848	0.08037489928411477	5.298084523221494e-16	0.0	-0.2299062751789712	525
0.0	0.0	0.0	1.0	0.25	526
0.0	0.0	0.0	1.0	0.25	527
0.0	0.5342992347930353	0.4657007652069647	0.0	0.0	528
0.0	0.0	0.0	1.0	0.25	529
0.9091648764662215	0.051298338599119815	0.0395367849346586	0.0	-0.22729121911655537	530
0.908571032162795	0.09142896783720494	0.0	0.0	-0.22714275804069872	531
1.0	0.0	0.0	0.0	-0.25	532
0.26036952421824994	0.06296655822938954	0.6766639175523604	0.0	-0.0650923810545625	533
0.7854075465545723	0.06181917888545205	0.1527732745599756	0.0	-0.19635188663864309	534
0.0	0.0	0.0	1.0	0.25	535
0.22505026257445668	0.0	0.7633783304620391	0.011571406963504309	-0.05336971390273809	536
0.0682834871331416	0.7894280671188594	0.14228844574799904	0.0	-0.017070871783285396	537
0.0	0.0	0.0	1.0	0.25	538
0.048479641409161583	0.7929060304180453	0.0	0.15861432817279317	0.02753367169090789	539
0.8383854533797034	0.0	0.0	0.1616145466202966	-0.1691927266898517	540
0.1060212431333646	0.8939787568666354	0.0	0.0	-0.026505310783341146	541
0.02489523402422563	0.0	0.0	0.9751047659757744	0.2375523829878872	542
0.3633523307297725	0.573681111040837	0.06296655822939039	0.0	-0.09083808268244313	543
0.22390288323051916	0.5852525180043414	0.19084459876513954	0.0	-0.05597572080762979	544
0.9788822698153814	0.021117730184617947	7.238386045940334e-16	0.0	-0.24472056745384535	545
0.10585124545186347	0.0	0.7468433794620594	0.14730537508607713	0.010363532408553394	546
0.38786236752541703	0.0	0.0	0.612137632474583	0.056068816237291486	547
0.937745409882825	0.009815607673095339	0.05243898244407977	0.0	-0.23443635247070624	548
0.43351279755551747	0.08318043038710053	0.483306772057382	0.0	-0.10837819938887937	549
0.7967320565928188	0.0	0.0	0.20326794340718124	-0.14836602829640938	550
0.9445463790525194	0.05545362094748057	0.0	0.0	-0.23613659476312984	551
1.0	0.0	0.0	0.0	-0.25	552
0.7598168717484228	0.15260275961664777	0.08758036863492952	0.0	-0.1899542179371057	553
0.0	0.0	0.0	1.0	0.25	554
0.2982714809744792	0.07377167538407749	0.6279568436414433	0.0	-0.0745678702436198	555
0.9124196313650716	0.07377167538407749	0.01380869325085102	0.0	-0.2281049078412679	556
0.9073466174258964	0.0	0.0	0.0926533825741036	-0.2036733087129482	557
0.0	0.0	0.0	1.0	0.25	558
0.9853914506348712	0.0	0.0	0.014608549365128927	-0.24269572531743558	559
0.0	0.0	0.0	1.0	0.25	560
0.11271134265489176	0.0	0.0	0.8872886573451083	0.19364432867255413	561
0.9262283246159225	0.0	0.0	0.07377167538407749	-0.21311416230796126	562
0.2810023233999565	0.029708630172019544	0.6892890464280239	0.0	-0.07025058084998913	563
0.2685628508024596	0.657665473813463	0.0	0.07377167538407749	-0.048697793854595536	564
1.0	0.0	0.0	0.0	-0.25	565
0.9805363806640881	0.019463619335911925	0.0	0.0	-0.24513409516602203	566
0.880558629903114	0.0	0.11944137009688599	0.0	-0.22013965747577846	567
0.9000222492390266	0.0	0.0	0.09997775076097343	-0.20001112461951331	568
0.0	0.0	1.0	0.0	0.0	569
0.0	0.0	0.0	1.0	0.25	570
1.0	0.0	0.0	0.0	-0.25	571
0.5585360433305516	0.4322721860994986	0.00919177056994981	0.0	-0.1396340108326379	572
0.8905256909851551	0.03142947580587026	0.07804483320897468	0.0	-0.22263142274628878	573
0.9685705241941298	0.0	0.03142947580587026	0.0	-0.24214263104853245	574
0.9685705241941298	0.03142947580587026	0.0	0.0	-0.24214263104853245	575
0.8759171416200261	0.03142947580587026	0.014608549365128924	0.07804483320897468	-0.19946807710276285	576
1.0	0.0	0.0	0.0	-0.25	577
0.0	0.0	0.0	1.0	0.25	578
0.6130444108506327	0.0	0.38695558914936734	0.0	-0.15326110271265816	579
0.9924387855677682	0.0	0.007561214432231815	0.0	-0.24810969639194205	580
0.0	0.12259867666515752	0.0	0.8774013233348424	0.2193503308337106	581
0.9353168362922016	0.0	0.06468316370779834	0.0	-0.2338292090730504	582
0.2705392493862726	0.6012730826012457	0.06468316370779832	0.06350450430468337	-0.051758686270397314	583
0.0	0.0	0.0	1.0	0.25	584
