72651	4
72702	2
72869	2
73152	5
73516	5
73593	4
73606	2
73660	5
73682	5
74047	1
74069	5
74102	1
74215	1
74254	2
74953	1
74964	2
75154	1
75284	2
75321	4
75342	4
75384	1
75547	5
75648	2
75650	1
75918	1
75937	5
76073	1
76115	1
76131	4
76463	4
76539	5
76882	1
76884	5
77169	5
77213	2
77334	2
77389	3
77443	5
77444	2
77491	1
77509	5
77522	1
77762	5
77905	1
77965	2
78226	2
78337	1
78348	4
78436	1
78556	5
78562	1
79006	5
79239	4
79469	5
79573	5
79581	1
79721	4
79846	5
80153	5
80377	4
80428	1
80473	4
80556	4
80634	1
80822	5
80908	5
80968	2
81096	2
81239	2
81258	1
81276	1
81308	4
81333	5
81662	2
81706	1
81742	2
81869	3
82220	4
82240	2
82274	3
82349	4
82476	1
82512	1
82561	1
82648	5
82792	1
82832	2
83082	1
83498	1
83586	2
83738	5
83812	5
84239	1
84316	1
84394	1
84632	1
84761	5
84834	1
84989	2
85167	1
85183	2
85197	2
85266	4
85333	5
85593	5
85645	2
85750	2
85773	5
85913	1
85982	4
86202	2
86274	5
86291	5
86440	4
86567	5
86625	4
86765	4
86812	5
86834	5
86908	2
86911	1
87050	5
87159	1
87334	5
87377	1
87378	2
87383	1
87448	1
87520	3
87698	1
87991	1
88044	5
88212	5
88251	1
88266	1
88268	2
88269	1
88334	1
88438	1
88475	2
88576	5
88785	2
88806	2
88844	1
88872	2
88903	5
89076	4
89110	5
89149	4
89150	1
89162	1
89206	1
89221	4
89234	5
89252	1
89273	4
89355	2
89369	2
89393	5
89482	4
89696	5
89830	2
89946	1
89970	4
90046	5
90169	1
90170	4
90341	5
90459	4
90497	1
90544	4
90582	1
90632	5
90704	2
90766	1
90874	4
91129	1
91174	4
91249	4
91284	1
91332	1
91370	2
91382	1
91390	5
91461	4
91537	1
91608	5
91642	1
91887	1
91932	1
92214	1
92272	2
92300	3
92348	5
92979	4
93014	5
93137	2
93138	4
93149	2
93172	2
93220	2
93235	5
93304	1
93333	5
93361	2
93444	2
93461	1
93620	4
93689	4
93745	2
93747	1
93764	2
93812	2
93816	5
93825	4
94021	4
94133	5
94188	5
94326	2
94380	5
94507	5
94552	5
94833	3
95047	2
95104	2
95972	1
96074	5
96175	5
96402	1
96655	5
96680	2
96754	2
96794	2
96848	5
96902	1
96932	2
96935	1
96989	1
97256	3
97541	1
97916	5
97918	5
98074	2
98480	1
98487	4
98574	5
98592	1
98693	1
98846	1
57	4
214	4
615	1
660	2
931	1
979	2
1024	2
1069	1
1153	2
1180	3
1266	5
1341	1
1500	4
1597	4
1658	2
1724	5
1825	2
1858	1
1864	4
1874	4
1933	4
1975	1
2016	4
2036	5
2165	3
2171	2
2192	4
2370	4
2423	2
2444	4
2462	1
2566	1
2583	5
2717	2
2780	2
2955	4
3055	2
3113	4
3123	4
3193	4
3501	1
3561	5
3728	4
3842	4
3851	2
4087	1
4325	1
4348	2
4400	2
4401	1
4512	5
4525	1
4660	1
4682	1
4732	4
4736	5
4770	3
4850	1
4984	4
5346	5
5407	4
5430	4
5498	5
5620	4
5700	1
5779	5
5831	5
5941	4
5951	2
6090	1
6193	2
6205	4
6528	5
6612	4
6655	5
6684	2
6698	4
6707	2
6808	5
6877	4
7051	1
7058	1
7110	2
7169	2
7171	1
7191	1
7203	1
7494	4
7545	2
7570	4
7583	5
7948	1
7953	2
8026	1
8052	2
8088	1
8090	2
8096	2
8148	2
8187	1
8304	4
8340	5
8380	3
8581	2
8643	5
8684	2
8884	3
8923	1
9078	4
9080	4
9156	2
9231	4
9451	2
9636	1
9651	2
9925	2
9976	4
9982	1
10028	5
10095	5
10182	4
10227	1
10317	1
10340	5
10457	4
10502	2
10541	5
10676	1
10733	2
10795	5
10893	5
10943	2
11015	1
11167	5
11318	4
11344	2
11458	2
11496	1
11806	5
12432	5
12526	1
13238	2
13284	5
13343	1
13414	4
13623	2
13887	1
13889	1
13986	1
14090	1
14115	4
14258	4
14334	2
14621	2
14636	4
14669	4
14754	2
14912	1
14941	2
14964	2
14968	2
14985	5
15099	1
15178	4
15361	1
15438	5
15490	4
15497	4
15623	3
15661	4
15717	5
15768	5
15892	1
15941	1
15965	4
16106	1
16110	5
16124	1
16695	2
16753	4
16869	1
16896	4
16909	1
16918	5
16965	4
17086	4
17167	2
17215	2
17331	2
17351	4
17422	5
17606	2
17629	2
17630	1
17697	4
17765	4
18033	4
18281	2
18640	1
18724	1
18760	1
18835	5
18939	2
18980	2
18993	5
19276	1
19393	4
19440	1
19475	1
19539	1
19613	5
19670	2
19735	2
19863	5
19926	1
20215	2
20255	4
20294	1
20298	5
20405	2
20646	1
20791	4
20836	1
21011	1
21090	4
21191	4
21267	2
21288	1
21297	1
21534	2
21676	1
21853	2
22041	4
22256	5
22283	4
22358	2
22451	1
22475	4
22632	2
22633	4
22648	1
22685	4
22861	1
22878	1
23051	5
23176	5
23221	5
23222	2
23267	5
23268	2
23668	1
23820	1
23874	2
23905	2
23958	2
24025	5
24213	3
24275	4
24603	4
24652	4
24794	5
24904	5
24951	3
25150	1
25161	4
25175	1
25224	4
25225	1
25260	3
25284	2
25340	5
25393	4
25454	4
25458	5
25476	5
25477	2
25522	5
25803	1
25888	4
25930	1
26043	5
26162	2
26218	5
26277	5
26334	2
26407	5
26450	2
26940	5
26992	4
27032	4
27076	2
27253	2
27517	1
27551	5
27574	2
27711	4
27822	2
27849	1
27967	1
27982	5
28097	1
28121	2
28149	1
28282	2
28295	5
28563	4
28595	4
28641	4
28776	1
28887	4
28911	1
29138	5
29300	4
29535	1
29598	4
29719	1
29761	4
29787	2
29819	1
29842	1
30239	4
30249	5
30543	1
30703	5
30760	5
30814	2
31067	1
31079	2
31259	3
31263	4
31394	2
31457	4
31517	5
31535	5
31588	1
31664	5
31672	4
31681	2
31702	1
31732	4
31899	4
31946	5
32082	1
32149	2
32231	4
32235	4
32240	3
32253	2
32268	2
32396	4
32460	4
32567	1
32829	1
32891	1
33018	4
33071	2
33519	1
33565	3
33851	2
33991	1
34229	2
34292	5
34358	4
34386	4
34395	1
34458	1
34559	4
34593	2
34691	1
34712	1
35020	4
35180	1
35237	2
35379	1
35422	1
35488	4
35529	2
35762	1
35900	4
36215	4
36284	5
36337	1
36517	5
36628	2
36734	5
36796	4
36822	1
36965	1
37190	4
37204	1
37398	1
37751	4
37768	1
37806	1
37871	1
37877	4
38173	1
38322	5
38431	1
38531	1
38545	2
38576	2
38712	2
38744	1
38869	2
39009	4
39094	2
39121	1
39271	1
39284	1
39285	4
39349	4
39350	4
39387	4
39445	1
39641	4
39813	4
39927	4
39935	2
39950	2
40057	5
40093	5
40125	4
40146	1
40318	2
40369	2
40477	2
40487	4
40527	5
40548	1
40879	1
40913	2
40934	1
41056	5
41061	4
41119	2
41187	4
41247	5
41360	5
41409	1
41433	1
41563	1
41665	4
41786	1
42006	1
42021	2
42030	5
42098	1
42133	2
42139	1
42161	1
42299	4
42554	1
42573	5
42676	2
42829	1
42836	5
42860	4
42941	2
43021	4
43175	2
43332	2
43380	1
43410	4
43423	2
43427	5
43431	4
43512	4
43688	1
43812	1
43886	1
44115	2
44534	2
44788	5
44844	2
45123	5
45384	1
45416	2
45438	2
45600	5
45608	5
45692	2
45740	4
45820	1
45827	1
46083	2
46170	5
46176	1
46237	1
46332	4
46467	1
46522	5
46534	1
46541	2
46588	4
46713	1
46755	5
46898	2
46940	1
47032	4
47080	5
47081	5
47369	1
47402	4
47424	2
47542	1
47590	2
47659	2
48109	1
48178	5
48235	2
48315	4
48749	5
48764	2
48835	1
48840	1
48951	2
48969	5
48987	1
48990	4
49003	5
49150	5
49194	5
49211	1
49478	2
49512	1
49623	1
49953	2
50000	2
50273	1
50344	1
50456	3
50770	3
50874	1
50884	1
51461	1
51522	1
51926	4
52153	4
52262	1
52553	4
52566	5
52568	5
52770	2
52857	5
53232	4
53276	1
53281	1
53384	3
53577	4
53583	1
53586	1
53594	1
53619	5
53672	1
53693	1
53718	5
53795	1
54228	2
54345	4
54465	4
54506	2
54520	5
54591	1
54593	2
54598	4
54651	5
54765	2
54770	1
54843	4
54867	5
55545	1
55635	2
55665	2
55696	5
55705	5
55857	4
56022	2
56044	4
56103	2
56225	1
56318	2
56420	5
56581	4
56645	4
56687	4
56743	5
56789	4
56805	1
57190	4
57200	2
57290	1
57476	5
57499	1
57502	1
57570	1
57590	5
57617	2
57649	2
57806	1
57895	1
57946	1
58070	1
58208	2
58223	1
58265	2
58473	3
58874	1
58902	2
58958	2
59084	4
59214	1
59250	2
59319	4
59328	4
59389	2
59394	2
59521	2
59605	2
59759	4
59883	2
59946	4
60078	4
60241	5
60487	1
60545	2
60562	5
60618	4
60703	2
60723	1
60741	3
60860	2
61169	1
61200	4
61273	1
61362	4
61554	4
61668	5
62580	2
62588	2
62599	4
62603	1
62687	1
62741	1
62833	1
62855	1
62894	2
62982	2
62997	1
63316	1
63483	2
63687	2
63691	1
63947	2
64019	1
64055	2
64059	2
64064	1
64088	1
64156	4
64437	1
64502	1
64509	1
64517	4
64633	2
64675	2
64693	1
64870	1
64895	1
64897	4
64971	2
65311	1
65384	2
65475	4
65496	2
65609	2
65659	2
65895	4
65943	5
66031	4
66104	1
66112	2
66252	2
66450	1
66474	2
66481	4
66667	5
66706	5
66822	1
66967	4
67047	2
67111	2
67219	4
67272	4
67277	5
67294	1
67345	4
67647	5
67649	2
67751	4
67809	5
67907	1
67926	2
68058	1
68218	2
68277	4
68306	2
68348	2
68537	2
68574	5
68596	2
68668	4
68772	4
68824	2
68847	4
68928	4
69317	4
69324	5
69383	1
69496	4
69635	5
69762	2
69882	5
70029	2
70188	4
70237	4
70257	1
70290	4
70368	2
70615	4
70763	1
70772	4
70786	1
70866	1
70994	2
71025	2
71234	4
71249	1
71283	4
71494	1
71550	2
71709	2
71750	4
71787	1
71985	4
72071	1
72079	2
72142	4
72328	3
72380	1
72436	4
