149	0.0006271538805964874
167	0.0008227914931266834
213	7.367694022833597e-19
265	0.0003087579318531533
143	0.00043085408447862895
764	0.00034545508988805354
672	0.0006161048296734951
710	0.00035811315251465246
364	0.0007554041574374782
341	0.00038834697589273373
153	6.961447586299556e-05
450	0.0006819793336223001
757	0.0006271538805964874
641	0.0001746036229976976
442	0.0002615247712417023
552	0.00017515582686880913
189	0.000552144087055539
585	0.00012952311049449456
759	0.0007194486259774898
592	0.00062152702636501
639	0.00019846196848107863
475	0.0003428770180518597
439	0.00040547501723815364
58	0.0007091622630085735
184	0.0007424313999857142
182	0.0006161048296734951
180	0.0006330014497760042
543	0.0007554041574374782
140	0.0024031177001565644
738	0.00040941607560408946
712	0.0005705742206843422
327	0.001009562800097275
292	0.0004278112307538679
1	0.0007424313999857142
609	0.0004559007496393585
786	4.667033895457783e-05
671	0.00048602182312231526
244	0.000386053165682944
583	0.0007696141848365965
449	0.000429324895113406
350	0.0007853226137270383
326	0.0005101216598524486
280	0.0008028831050119636
741	0.0005667014250958447
538	0.00047949109111421044
474	0.0005453659047865156
817	0.00043396033541340213
390	0.00062152702636501
250	0.0003420274728775343
219	0.000730497605426419
109	0.0007091622630085735
31	0.0004470760076546449
10	0.0006390877585420594
383	0.0004975853307803883
160	0.00021813998033975873
50	0.0003966651727856725
556	0.0009062245784615267
415	0.0005388825199748716
479	0.0002855813610026173
86	0.0005786353308371015
48	0.000523809655445956
694	0.0024031177001565644
247	0.0024031177001565644
157	0.0005745503024239485
34	0.0008457739574205012
295	0.0007194486259774898
262	0.00047323445735719736
580	0.0009062245784615267
586	0.0006058184047603078
756	0.0004928517741649275
285	0.0004029043553036075
102	0.0008457739574205012
335	0.0006390877585420594
768	0.0006271538805964874
447	0.0006161048296734951
309	0.0006058184047603078
419	0.000523809655445956
690	0.0024031177001565644
420	0.0024031177001565644
197	0.0007194486259774898
655	0.001009562800097275
593	0.00039912960423220905
507	0.0024031177001565644
717	0.0006330014497760042
726	0.0005786353308371015
300	0.0009062245784615267
343	0.0004712059285284838
797	0.0002469558984027864
693	0.0008729563086744565
540	0.0006589964563740812
489	0.0004263127793321853
823	0.0006589964563740812
373	0.0006520606145410611
411	0.0011128945187436762
511	0.00048826388840572443
87	0.0008729563086744565
19	0.0007091622630085735
732	0.0009062245784615267
195	0.0024031177001565644
96	0.0009062245784615267
307	0.0024031177001565644
724	0.0008729563086744565
510	0.0006662707601966068
468	0.0004928517741649275
241	0.0008227914931266834
783	0.0024031177001565644
517	0.0006662707601966068
39	0.0007424313999857142
13	0.0005786353308371015
688	0.00033459184341193575
675	0.0008227914931266834
256	0.0006330014497760042
116	0.0011128945187436762
664	0.0008729563086744565
697	0.0006390877585420594
293	0.0006819793336223001
406	0.0006330014497760042
570	0.0006271538805964874
525	0.0009062245784615267
371	0.0005357435750851039
749	0.0007424313999857142
812	0.0007696141848365965
225	0.0006662707601966068
600	0.0005357435750851039
520	0.0008457739574205012
162	0.000552144087055539
339	0.00047949109111421044
89	0.0008028831050119636
558	0.0009491143469084837
179	0.0004176251956918796
32	0.0006161048296734951
497	0.0004278112307538679
686	0.0006739182615056456
790	0.00037721533552337446
791	0.0007853226137270383
130	0.0005916082196855153
278	0.0009062245784615267
258	0.0007554041574374782
701	0.0008457739574205012
342	0.0007194486259774898
624	0.0007554041574374782
141	0.0005916082196855153
14	0.0006330014497760042
203	0.0007853226137270383
287	0.0011128945187436762
492	0.0005871573176329822
52	0.0005296572446383935
132	0.0006819793336223001
646	0.0006905012779072747
631	0.0008729563086744565
212	0.0006330014497760042
328	0.0005786353308371015
344	0.00047949109111421044
626	0.0006330014497760042
743	0.00038834697589273373
800	0.0005296572446383935
59	0.0004816363734293865
38	0.0024031177001565644
173	0.0007194486259774898
602	0.0006662707601966068
356	0.0004219057195673641
323	0.0024031177001565644
316	0.0008227914931266834
473	0.000555652350347959
563	0.0005487164803582861
188	0.0005127605687855853
408	0.0006662707601966068
466	0.00047323445735719736
523	0.0007194486259774898
259	0.0009491143469084837
711	0.0008227914931266834
663	0.0007091622630085735
264	0.0024031177001565644
696	0.0006161048296734951
362	0.0024031177001565644
123	0.001009562800097275
546	0.001009562800097275
248	0.0007424313999857142
460	0.0009491143469084837
389	0.0008227914931266834
112	0.0009491143469084837
384	0.0008227914931266834
231	0.0024031177001565644
537	0.0011128945187436762
454	0.0009062245784615267
512	0.0007091622630085735
698	0.000730497605426419
746	0.0007554041574374782
601	0.0024031177001565644
170	0.0006520606145410611
625	0.0007554041574374782
191	0.0006390877585420594
469	0.0008457739574205012
333	0.0006905012779072747
357	0.0008457739574205012
649	0.0008729563086744565
60	0.0006271538805964874
433	0.0024031177001565644
16	0.0008028831050119636
145	0.0005629266851427841
325	0.0006161048296734951
399	0.0007696141848365965
547	0.0006330014497760042
514	0.0009062245784615267
703	0.001009562800097275
501	0.0008729563086744565
677	0.0007853226137270383
210	0.0005267047836502663
734	0.0006271538805964874
136	0.0009491143469084837
178	0.0009062245784615267
216	0.0008028831050119636
155	0.0006271538805964874
312	0.0011128945187436762
518	0.0009062245784615267
815	0.0006009296366282623
805	0.0024031177001565644
198	0.0006390877585420594
15	0.0006390877585420594
90	0.0009062245784615267
767	0.0024031177001565644
177	0.0006819793336223001
623	0.00047949109111421044
715	0.000515447028028046
699	0.0006161048296734951
822	0.0004523079345977792
270	0.001009562800097275
554	0.00046335703317066084
597	0.0008729563086744565
494	0.0024031177001565644
175	0.0009491143469084837
452	0.0009062245784615267
729	0.0024031177001565644
607	0.0007194486259774898
121	0.0008729563086744565
122	0.0007424313999857142
430	0.0008729563086744565
536	0.0006058184047603078
781	0.0009491143469084837
614	0.0009491143469084837
457	0.0007554041574374782
303	0.0008457739574205012
57	0.0011128945187436762
266	0.0005705742206843422
451	0.0006995400055756983
260	0.000515447028028046
577	0.0005209696757246529
565	0.0006161048296734951
796	0.0006662707601966068
261	0.0007424313999857142
564	0.0011128945187436762
269	0.0011128945187436762
763	0.0011128945187436762
745	0.0006589964563740812
539	0.0006161048296734951
476	0.0006819793336223001
776	0.0005871573176329822
65	0.0006589964563740812
441	0.0024031177001565644
579	0.0007554041574374782
744	0.0024031177001565644
811	0.0005961960931261319
92	0.0006271538805964874
573	0.0008227914931266834
792	0.0005871573176329822
206	0.0006520606145410611
329	0.0006161048296734951
426	0.0007091622630085735
91	0.0005786353308371015
516	0.0008729563086744565
642	0.0024031177001565644
66	0.0006905012779072747
505	0.0009491143469084837
199	0.0011128945187436762
500	0.0008227914931266834
777	0.001009562800097275
521	0.001009562800097275
11	0.0008028831050119636
310	0.0024031177001565644
667	0.001009562800097275
376	0.0008227914931266834
630	0.0011128945187436762
299	0.0024031177001565644
779	0.0007554041574374782
611	0.0024031177001565644
765	0.0006009296366282623
669	0.0011128945187436762
485	0.0006995400055756983
369	0.0005786353308371015
275	0.00040809078072954634
75	0.0005961960931261319
719	0.0024031177001565644
619	0.0006271538805964874
530	0.0008729563086744565
297	0.0009062245784615267
652	0.0006589964563740812
801	0.0009491143469084837
150	0.0005420889739514133
774	0.0009491143469084837
529	0.0024031177001565644
79	0.0009491143469084837
405	0.001009562800097275
332	0.0006662707601966068
465	0.001009562800097275
110	0.0024031177001565644
733	0.0011128945187436762
393	0.0006520606145410611
784	0.0011128945187436762
503	0.0008028831050119636
43	0.0009062245784615267
621	0.0009062245784615267
374	0.0009491143469084837
398	0.0006739182615056456
542	0.0008227914931266834
727	0.0006739182615056456
245	0.0008028831050119636
233	0.0007091622630085735
721	0.0008729563086744565
532	0.0006520606145410611
386	0.0011128945187436762
29	0.0007853226137270383
685	0.0008227914931266834
778	0.0011128945187436762
644	0.0008729563086744565
133	0.0024031177001565644
443	0.0009491143469084837
105	0.000730497605426419
533	0.001009562800097275
787	0.0005871573176329822
410	0.0011128945187436762
45	0.0009491143469084837
673	0.0024031177001565644
235	0.0024031177001565644
725	0.0008729563086744565
445	0.0024031177001565644
385	0.0009062245784615267
289	0.0007696141848365965
568	0.0024031177001565644
71	0.0007424313999857142
68	0.0009491143469084837
413	0.0008457739574205012
49	0.0009491143469084837
274	0.0009491143469084837
620	0.0006905012779072747
40	0.0024031177001565644
47	0.0011128945187436762
428	0.0011128945187436762
754	0.0024031177001565644
208	0.0006108729240906658
192	0.0011128945187436762
367	0.0006390877585420594
735	0.0024031177001565644
104	0.0024031177001565644
640	0.0008729563086744565
605	0.0007696141848365965
186	0.0008028831050119636
807	0.0007853226137270383
766	0.0024031177001565644
267	0.0009491143469084837
118	0.001009562800097275
148	0.0009491143469084837
146	0.0009491143469084837
578	0.0024031177001565644
388	0.0009062245784615267
484	0.0011128945187436762
354	0.0009062245784615267
234	0.0007194486259774898
747	0.0009062245784615267
661	0.0006819793336223001
99	0.0009062245784615267
799	0.0006905012779072747
375	0.0005916082196855153
531	0.0024031177001565644
498	0.0024031177001565644
814	0.001009562800097275
158	0.0011128945187436762
224	0.001009562800097275
211	0.0007696141848365965
571	0.00034632444961792624
548	0.0008227914931266834
456	0.0006905012779072747
243	0.0006271538805964874
471	0.0024031177001565644
53	0.0008457739574205012
347	0.0009491143469084837
222	0.001009562800097275
135	0.0024031177001565644
794	0.0024031177001565644
613	0.0011128945187436762
98	0.0024031177001565644
84	0.0024031177001565644
707	0.0007853226137270383
271	0.0024031177001565644
131	0.001009562800097275
584	0.0011128945187436762
291	0.0008729563086744565
81	0.0008028831050119636
680	0.0024031177001565644
400	0.001009562800097275
806	0.0007424313999857142
752	0.001009562800097275
477	0.001009562800097275
171	0.0008729563086744565
683	0.0009491143469084837
574	0.0009062245784615267
654	0.0009491143469084837
382	0.0006819793336223001
793	0.0009491143469084837
126	0.0011128945187436762
590	0.0008729563086744565
218	0.0011128945187436762
740	0.0009491143469084837
674	0.0024031177001565644
431	0.0007554041574374782
798	0.00062152702636501
7	0.0009491143469084837
678	0.0007853226137270383
152	0.0007853226137270383
519	0.0006390877585420594
645	0.0024031177001565644
73	0.0008457739574205012
780	0.0007853226137270383
263	0.0011128945187436762
782	0.00055924515783527
404	0.00041075325667135526
305	0.0009491143469084837
370	0.0007853226137270383
138	0.0009491143469084837
730	0.0008729563086744565
100	0.0008227914931266834
599	0.0024031177001565644
535	0.0011128945187436762
666	0.0008729563086744565
739	0.0009062245784615267
20	0.0008729563086744565
355	0.0009491143469084837
676	0.0008457739574205012
610	0.0006589964563740812
819	0.0007696141848365965
648	0.0011128945187436762
589	0.0009491143469084837
553	0.0009062245784615267
636	0.0008729563086744565
117	0.0005786353308371015
422	0.0006739182615056456
750	0.0024031177001565644
702	0.001009562800097275
689	0.0007696141848365965
414	0.0011128945187436762
279	0.0008028831050119636
647	0.001009562800097275
487	0.0024031177001565644
95	0.0006739182615056456
395	0.0007424313999857142
687	0.0009491143469084837
424	0.0024031177001565644
318	0.0024031177001565644
416	0.0007424313999857142
594	0.0008457739574205012
365	0.0009491143469084837
214	0.0008028831050119636
41	0.001009562800097275
174	0.0011128945187436762
336	0.0009491143469084837
340	0.0009062245784615267
106	0.0008227914931266834
324	0.0008729563086744565
670	0.0011128945187436762
397	0.0024031177001565644
804	0.0011128945187436762
526	0.001009562800097275
284	0.0011128945187436762
550	0.0011128945187436762
82	0.0024031177001565644
762	0.001009562800097275
760	0.0008729563086744565
720	0.001009562800097275
78	0.0009062245784615267
304	0.0008028831050119636
627	0.001009562800097275
129	0.0024031177001565644
314	0.0008457739574205012
301	0.0009491143469084837
559	0.0024031177001565644
164	0.0009062245784615267
379	0.0007424313999857142
643	0.0024031177001565644
338	0.0005916082196855153
137	0.0009062245784615267
302	0.0024031177001565644
9	0.001009562800097275
560	0.001009562800097275
204	0.0008227914931266834
237	0.0024031177001565644
221	0.0024031177001565644
425	0.0024031177001565644
108	0.0011128945187436762
557	0.0011128945187436762
809	0.0024031177001565644
513	0.0024031177001565644
820	0.001009562800097275
617	0.001009562800097275
94	0.0008729563086744565
728	0.0011128945187436762
288	0.0011128945187436762
294	0.0011128945187436762
692	0.0005667014250958447
789	0.001009562800097275
493	0.001009562800097275
458	0.0024031177001565644
481	0.001009562800097275
603	0.0011128945187436762
742	0.0006454331338424503
682	0.0008227914931266834
509	0.0008028831050119636
455	0.0024031177001565644
472	0.0007853226137270383
30	0.0008729563086744565
72	0.0009062245784615267
572	0.0009491143469084837
795	0.0006662707601966068
372	0.0024031177001565644
785	0.0008729563086744565
653	0.0007853226137270383
788	0.001009562800097275
194	0.0024031177001565644
394	0.0008028831050119636
217	0.0009491143469084837
283	0.0008729563086744565
387	0.0007424313999857142
722	0.001009562800097275
436	0.0011128945187436762
353	0.0024031177001565644
448	0.0011128945187436762
770	0.0009491143469084837
119	0.0024031177001565644
491	0.0024031177001565644
418	0.0011128945187436762
330	0.0009491143469084837
2	0.0008729563086744565
46	0.0011128945187436762
315	0.0009062245784615267
176	0.0007696141848365965
632	0.0008457739574205012
755	0.0007194486259774898
113	0.0024031177001565644
101	0.0009062245784615267
679	0.0024031177001565644
252	0.0024031177001565644
42	0.0009491143469084837
168	0.0024031177001565644
331	0.0009062245784615267
467	0.0009062245784615267
361	0.0024031177001565644
453	0.0007194486259774898
154	0.0008457739574205012
761	0.0009491143469084837
64	0.0008227914931266834
549	0.0009062245784615267
775	0.0008729563086744565
665	0.0009062245784615267
23	0.0024031177001565644
528	0.0009491143469084837
634	0.0006271538805964874
461	0.0011128945187436762
36	0.0024031177001565644
18	0.0006995400055756983
409	0.0007853226137270383
569	0.0024031177001565644
435	0.001009562800097275
61	0.0024031177001565644
70	0.0024031177001565644
545	0.001009562800097275
239	0.001009562800097275
562	0.0011128945187436762
27	0.0011128945187436762
201	0.0024031177001565644
351	0.0008457739574205012
582	0.0009491143469084837
0	0.0009062245784615267
238	0.0009062245784615267
378	0.0024031177001565644
596	0.0008028831050119636
748	0.0024031177001565644
464	0.0011128945187436762
251	0.0008457739574205012
298	0.0009491143469084837
76	0.0008227914931266834
207	0.0024031177001565644
190	0.0011128945187436762
515	0.0009062245784615267
311	0.0024031177001565644
196	0.0009062245784615267
772	0.0009491143469084837
612	0.0007554041574374782
480	0.0011128945187436762
25	0.0024031177001565644
657	0.0009491143469084837
478	0.001009562800097275
215	0.0024031177001565644
290	0.001009562800097275
403	0.0011128945187436762
616	0.0024031177001565644
483	0.0009491143469084837
236	0.001009562800097275
134	0.0007696141848365965
56	0.0009491143469084837
151	0.0024031177001565644
544	0.0024031177001565644
359	0.0024031177001565644
691	0.0024031177001565644
147	0.0011128945187436762
107	0.0024031177001565644
223	0.0024031177001565644
704	0.0024031177001565644
659	0.0008227914931266834
368	0.001009562800097275
502	0.001009562800097275
320	0.0011128945187436762
200	0.0024031177001565644
114	0.0024031177001565644
575	0.001009562800097275
35	0.0024031177001565644
381	0.0024031177001565644
391	0.0008028831050119636
684	0.0024031177001565644
561	0.0008227914931266834
321	0.001009562800097275
346	0.0024031177001565644
718	0.0024031177001565644
230	0.0024031177001565644
127	0.0009491143469084837
377	0.0008457739574205012
8	0.0024031177001565644
628	0.0009491143469084837
635	0.001009562800097275
803	0.0008729563086744565
286	0.0011128945187436762
595	0.0011128945187436762
366	0.0024031177001565644
281	0.0009062245784615267
229	0.0024031177001565644
111	0.0008729563086744565
345	0.0024031177001565644
432	0.0024031177001565644
437	0.001009562800097275
17	0.0011128945187436762
21	0.0008457739574205012
317	0.001009562800097275
26	0.0024031177001565644
255	0.0009491143469084837
277	0.0024031177001565644
434	0.0024031177001565644
159	0.0024031177001565644
723	0.0024031177001565644
651	0.0011128945187436762
534	0.0011128945187436762
412	0.0011128945187436762
606	0.0024031177001565644
308	0.0024031177001565644
751	0.0008729563086744565
220	0.0024031177001565644
576	0.0011128945187436762
282	0.0024031177001565644
629	0.0011128945187436762
444	0.0024031177001565644
566	0.0024031177001565644
731	0.0008729563086744565
172	0.0009491143469084837
615	0.0024031177001565644
144	0.001009562800097275
462	0.0024031177001565644
824	0.0011128945187436762
240	0.0008729563086744565
254	0.0009491143469084837
156	0.001009562800097275
524	0.001009562800097275
706	0.0011128945187436762
360	0.001009562800097275
401	0.0024031177001565644
638	0.0024031177001565644
67	0.0024031177001565644
681	0.0008227914931266834
769	0.0024031177001565644
608	0.0011128945187436762
6	0.0024031177001565644
429	0.0024031177001565644
272	0.0024031177001565644
313	0.001009562800097275
705	0.0024031177001565644
541	0.0008729563086744565
504	0.0011128945187436762
716	0.0024031177001565644
306	0.001009562800097275
88	0.0008729563086744565
63	0.001009562800097275
242	0.001009562800097275
74	0.001009562800097275
808	0.0024031177001565644
276	0.0006589964563740812
3	0.0024031177001565644
495	0.0006819793336223001
758	0.0009491143469084837
93	0.0024031177001565644
618	0.0011128945187436762
322	0.001009562800097275
337	0.0024031177001565644
163	0.001009562800097275
185	0.0011128945187436762
821	0.0024031177001565644
115	0.001009562800097275
124	0.0011128945187436762
591	0.001009562800097275
604	0.0024031177001565644
708	0.0011128945187436762
816	0.0024031177001565644
633	0.0024031177001565644
334	0.0011128945187436762
496	0.0011128945187436762
161	0.0024031177001565644
662	0.0024031177001565644
205	0.0024031177001565644
349	0.001009562800097275
253	0.0024031177001565644
581	0.0024031177001565644
12	0.0024031177001565644
417	0.0024031177001565644
555	0.0024031177001565644
187	0.0011128945187436762
713	0.0008227914931266834
249	0.0011128945187436762
139	0.0024031177001565644
463	0.001009562800097275
120	0.0011128945187436762
714	0.001009562800097275
85	0.001009562800097275
4	0.0011128945187436762
165	0.0024031177001565644
668	0.0011128945187436762
37	0.0024031177001565644
813	0.0009491143469084837
506	0.0011128945187436762
438	0.0011128945187436762
656	0.0024031177001565644
423	0.0011128945187436762
125	0.0024031177001565644
319	0.001009562800097275
348	0.0011128945187436762
486	0.0024031177001565644
296	0.0024031177001565644
622	0.0011128945187436762
736	0.0024031177001565644
488	0.0011128945187436762
363	0.0024031177001565644
522	0.0024031177001565644
440	0.0011128945187436762
551	0.0009491143469084837
193	0.0024031177001565644
169	0.0024031177001565644
695	0.0009062245784615267
392	0.0011128945187436762
402	0.0011128945187436762
588	0.001009562800097275
700	0.0024031177001565644
55	0.0011128945187436762
421	0.0024031177001565644
482	0.0011128945187436762
268	0.0024031177001565644
142	0.0024031177001565644
181	0.0024031177001565644
77	0.0024031177001565644
587	0.001009562800097275
22	0.0024031177001565644
54	0.001009562800097275
128	0.0024031177001565644
598	0.0024031177001565644
737	0.0024031177001565644
44	0.0011128945187436762
802	0.0024031177001565644
228	0.0011128945187436762
273	0.001009562800097275
396	0.0024031177001565644
226	0.0024031177001565644
709	0.0024031177001565644
257	0.0024031177001565644
202	0.0011128945187436762
209	0.0024031177001565644
773	0.001009562800097275
232	0.001009562800097275
658	0.0024031177001565644
28	0.0024031177001565644
527	0.0011128945187436762
358	0.0024031177001565644
24	0.0024031177001565644
499	0.0024031177001565644
470	0.0024031177001565644
771	0.001009562800097275
183	0.0024031177001565644
446	0.0011128945187436762
352	0.0011128945187436762
83	0.0024031177001565644
51	0.0024031177001565644
380	0.0024031177001565644
660	0.0024031177001565644
637	0.0024031177001565644
810	0.0011128945187436762
407	0.0024031177001565644
80	0.0024031177001565644
650	0.0024031177001565644
246	0.0024031177001565644
33	0.0011128945187436762
567	0.0024031177001565644
508	0.0024031177001565644
69	0.0024031177001565644
227	0.0024031177001565644
103	0.0024031177001565644
490	0.001009562800097275
62	0.0024031177001565644
753	0.0011128945187436762
97	0.001009562800097275
818	0.001009562800097275
166	0.0024031177001565644
459	0.0024031177001565644
427	0.0024031177001565644
5	0.0024031177001565644
