0.9394577260901471	0.06054227390985287	-0.4394577260901471	1
0.9284823106759416	0.0715176893240584	-0.42848231067594156	2
0.9576924754797	0.042307524520300024	-0.4576924754797	3
0.05632375820774937	0.9436762417922506	0.4436762417922506	4
0.9048176217541248	0.09518237824587504	-0.4048176217541249	5
0.0968106385055342	0.9031893614944658	0.4031893614944658	6
0.9558114355300333	0.044188564469966746	-0.4558114355300333	7
0.7509045320178112	0.24909546798218887	-0.25090453201781115	8
0.9337260859841199	0.06627391401588005	-0.43372608598411994	9
0.8736844716422043	0.12631552835779575	-0.3736844716422043	10
0.7102070134932317	0.2897929865067683	-0.21020701349323168	11
0.9207127687809931	0.07928723121900698	-0.42071276878099306	12
0.9053722728138697	0.09462772718613022	-0.4053722728138697	13
0.9072533127635364	0.09274668723646355	-0.40725331276353643	14
0.09999562622325421	0.9000043737767458	0.4000043737767458	15
0.8758897746623633	0.12411022533763671	-0.3758897746623633	16
0.9048176217541251	0.09518237824587501	-0.404817621754125	17
0.29164265763334013	0.7083573423666598	0.20835734236665984	18
0.30792610145924926	0.6920738985407507	0.19207389854075074	19
0.8814886707461963	0.11851132925380367	-0.3814886707461963	20
0.9314455621640163	0.06855443783598367	-0.4314455621640163	21
0.8628344508556541	0.1371655491443458	-0.36283445085565413	22
0.7909724174937472	0.2090275825062528	-0.29097241749374725	23
0.12623141740565558	0.8737685825943444	0.3737685825943444	24
0.9921968349136876	0.00780316508631255	-0.49219683491368754	25
0.9455224834150433	0.05447751658495662	-0.44552248341504336	26
0.9921968349136876	0.007803165086312552	-0.49219683491368754	27
0.9779775361597115	0.022022463840288577	-0.47797753615971145	28
0.08629901375528867	0.9137009862447112	0.41370098624471124	29
0.4975679378339608	0.5024320621660391	0.0024320621660391395	30
0.9921968349136876	0.007803165086312552	-0.49219683491368754	31
0.24252394020822632	0.7574760597917737	0.2574760597917737	32
0.6574761889499797	0.3425238110500202	-0.15747618894997975	33
0.02233060595354487	0.977669394046455	0.4776693940464551	34
0.2990197535475516	0.7009802464524483	0.20098024645244833	35
0.8150776821333372	0.18492231786666286	-0.3150776821333372	36
0.9549077597968922	0.04509224020310771	-0.45490775979689224	37
0.12245800834700013	0.8775419916529998	0.37754199165299984	38
0.32097164161585207	0.6790283583841479	0.1790283583841479	39
0.22005344339249702	0.7799465566075029	0.27994655660750295	40
0.11066551098943893	0.8893344890105611	0.3893344890105611	41
0.9756628654239801	0.024337134576019985	-0.47566286542398006	42
0.1935497174157608	0.8064502825842392	0.30645028258423923	43
0.016978340282983506	0.9830216597170165	0.4830216597170165	44
0.965220341793413	0.034779658206587044	-0.465220341793413	45
0.9365270092745157	0.06347299072548432	-0.4365270092745157	46
0.0997031922289531	0.9002968077710469	0.4002968077710469	47
0.9185491808727935	0.08145081912720648	-0.41854918087279347	48
0.00696661626699048	0.9930333837330095	0.49303338373300953	49
0.01220469723142173	0.9877953027685782	0.48779530276857824	50
0.9490377884067279	0.05096221159327208	-0.4490377884067279	51
0.9447252500606937	0.05527474993930629	-0.44472525006069374	52
0.8985303988294878	0.10146960117051221	-0.3985303988294878	53
0.07981337588509725	0.9201866241149028	0.42018662411490276	54
0.9614896621580062	0.038510337841993786	-0.46148966215800624	55
0.9627212866771938	0.037278713322806245	-0.4627212866771938	56
0.9490377884067279	0.05096221159327208	-0.4490377884067279	57
0.9510062944412799	0.04899370555872001	-0.45100629444127993	58
0.9390260643907349	0.06097393560926511	-0.4390260643907349	59
0.0	1.0	0.5	60
0.8981890745490178	0.1018109254509822	-0.39818907454901775	61
0.026779310271423072	0.973220689728577	0.47322068972857695	62
0.03128883609595149	0.9687111639040484	0.4687111639040485	63
0.9876500719130857	0.012349928086914189	-0.4876500719130858	64
0.3224292967896255	0.6775707032103745	0.1775707032103745	65
0.9684327966688174	0.031567203331182646	-0.4684327966688174	66
0.8719577997326088	0.12804220026739124	-0.3719577997326088	67
0.019351393387484983	0.980648606612515	0.48064860661251496	68
0.10919222679265031	0.8908077732073497	0.3908077732073497	69
0.8333016644266394	0.16669833557336056	-0.33330166442663944	70
0.030318457263794302	0.9696815427362058	0.4696815427362057	71
0.13886627026527412	0.8611337297347259	0.3611337297347259	72
0.5241857743114398	0.47581422568856024	-0.024185774311439756	73
0.9552821884730297	0.04471781152697021	-0.45528218847302976	74
0.24539552067150774	0.7546044793284923	0.2546044793284923	75
0.8508353474040932	0.1491646525959069	-0.35083534740409317	76
0.8310796679320996	0.1689203320679004	-0.33107966793209964	77
0.9898942339064843	0.010105766093515706	-0.48989423390648434	78
0.9646670740315336	0.03533292596846642	-0.4646670740315336	79
0.9482501334198719	0.05174986658012816	-0.44825013341987185	80
0.0031752797823446357	0.9968247202176554	0.4968247202176554	81
0.9699360142655712	0.030063985734428846	-0.4699360142655712	82
0.010387739542354413	0.9896122604576456	0.4896122604576456	83
0.9589210954405161	0.041078904559483966	-0.45892109544051607	84
0.9467794740640517	0.05322052593594824	-0.4467794740640517	85
0.9446524623769089	0.055347537623091025	-0.4446524623769089	86
0.9682711043847584	0.031728895615241635	-0.4682711043847584	87
0.9755093576065529	0.024490642393447157	-0.4755093576065529	88
0.06412880911552885	0.9358711908844711	0.4358711908844711	89
0.2782971738945969	0.721702826105403	0.22170282610540307	90
0.0031752797823446357	0.9968247202176554	0.4968247202176554	91
0.9831770169213433	0.016822983078656702	-0.4831770169213433	92
0.18458066944761292	0.8154193305523871	0.31541933055238713	93
0.990389476681353	0.00961052331864693	-0.490389476681353	94
0.08117227083634632	0.9188277291636537	0.41882772916365374	95
0.04169983432677895	0.9583001656732211	0.45830016567322107	96
0.8890448954909963	0.11095510450900374	-0.3890448954909963	97
0.9033388482769247	0.09666115172307536	-0.4033388482769247	98
0.003802459065045329	0.9961975409349547	0.4961975409349547	99
0.04587828328930114	0.9541217167106988	0.45412171671069884	100
0.9755170821739504	0.024482917826049593	-0.4755170821739504	101
0.3162638929992927	0.6837361070007073	0.1837361070007073	102
0.9456419648798843	0.05435803512011569	-0.4456419648798843	103
0.9559136369232699	0.04408636307673006	-0.4559136369232699	104
0.9891394695763279	0.010860530423672077	-0.4891394695763279	105
0.9440691064579345	0.05593089354206542	-0.44406910645793457	106
0.950571320078053	0.04942867992194704	-0.450571320078053	107
0.9767447821504909	0.023255217849509048	-0.47674478215049093	108
0.8369298080955858	0.16307019190441419	-0.3369298080955858	109
0.9719576444518138	0.028042355548186206	-0.47195764445181376	110
0.2336676089456466	0.7663323910543534	0.26633239105435336	111
0.9048792030803472	0.09512079691965278	-0.4048792030803472	112
0.9456419648798843	0.05435803512011569	-0.4456419648798843	113
0.08709310189888507	0.9129068981011149	0.4129068981011149	114
0.0670455458724405	0.9329544541275595	0.4329544541275595	115
0.9460708404398421	0.05392915956015784	-0.44607084043984213	116
0.9715667594962413	0.028433240503758787	-0.4715667594962412	117
0.9923309129303908	0.007669087069609219	-0.4923309129303908	118
0.9786469881855641	0.02135301181443601	-0.478646988185564	119
0.016527172695974014	0.983472827304026	0.48347282730402596	120
0.9081885401664175	0.09181145983358252	-0.4081885401664175	121
0.07176037757825081	0.9282396224217493	0.42823962242174923	122
0.8262013077922113	0.17379869220778868	-0.32620130779221135	123
0.9588143251827888	0.04118567481721115	-0.4588143251827888	124
0.9454723786143608	0.054527621385639276	-0.4454723786143608	125
0.906871127215496	0.09312887278450402	-0.406871127215496	126
0.21494288413369125	0.7850571158663088	0.2850571158663088	127
0.0034246549540727913	0.9965753450459272	0.4965753450459272	128
0.8828809930863983	0.11711900691360164	-0.38288099308639834	129
0.1870501766807844	0.8129498233192156	0.3129498233192156	130
0.2663126891523503	0.7336873108476497	0.2336873108476497	131
0.1310924619129083	0.8689075380870918	0.36890753808709176	132
0.008537103420108756	0.9914628965798912	0.49146289657989123	133
0.8541630422557095	0.14583695774429056	-0.3541630422557095	134
0.918483750783798	0.08151624921620203	-0.41848375078379796	135
0.009546911053313619	0.9904530889466865	0.49045308894668643	136
0.382558810937203	0.617441189062797	0.11744118906279699	137
0.9242525925153802	0.07574740748461993	-0.4242525925153801	138
0.9450944596113355	0.05490554038866446	-0.44509445961133554	139
0.17080811387510245	0.8291918861248976	0.3291918861248976	140
0.28277529100234566	0.7172247089976543	0.21722470899765434	141
0.017772306734400306	0.9822276932655997	0.48222769326559967	142
0.7564687038328044	0.24353129616719554	-0.2564687038328044	143
0.9351509687802343	0.06484903121976567	-0.4351509687802343	144
0.3738695279057793	0.6261304720942207	0.12613047209422068	145
0.34838384827647056	0.6516161517235294	0.1516161517235294	146
0.6179167195553297	0.3820832804446703	-0.11791671955532967	147
0.16559067900530608	0.8344093209946939	0.3344093209946939	148
0.06537066314542093	0.934629336854579	0.43462933685457905	149
0.41252215062904546	0.5874778493709546	0.08747784937095457	150
0.8391973657592382	0.16080263424076174	-0.3391973657592382	151
0.9493543557824856	0.0506456442175144	-0.4493543557824856	152
0.06313147690055884	0.9368685230994412	0.4368685230994412	153
0.908945395902235	0.09105460409776495	-0.408945395902235	154
0.9402566655489715	0.05974333445102865	-0.4402566655489714	155
0.48186567772425243	0.5181343222757475	0.018134322275747544	156
0.3020865321058941	0.6979134678941059	0.1979134678941059	157
0.871281213441976	0.12871878655802407	-0.37128121344197595	158
0.9380174793041093	0.06198252069589075	-0.4380174793041093	159
0.9351509687802344	0.06484903121976567	-0.43515096878023435	160
0.23393657116336003	0.7660634288366399	0.2660634288366399	161
0.2891272001944558	0.7108727998055442	0.2108727998055442	162
0.8113725540622242	0.18862744593777583	-0.3113725540622242	163
0.5607710286300881	0.43922897136991185	-0.060771028630088125	164
0.583483915487005	0.416516084512995	-0.08348391548700498	165
0.20073451575982815	0.7992654842401719	0.29926548424017185	166
0.8677422462349899	0.13225775376501014	-0.36774224623498986	167
0.6414848240834875	0.3585151759165125	-0.1414848240834875	168
0.8791795193289849	0.12082048067101503	-0.3791795193289849	169
0.3081350232100497	0.6918649767899502	0.19186497678995024	170
0.785285404195024	0.21471459580497584	-0.2852854041950241	171
0.867270275786066	0.1327297242139341	-0.3672702757860659	172
0.8389588636583623	0.16104113634163778	-0.33895886365836225	173
0.10495861457235076	0.8950413854276493	0.39504138542764927	174
0.9834888690003741	0.01651113099962579	-0.4834888690003742	175
0.965796995401695	0.034203004598305047	-0.46579699540169495	176
0.9389322492934209	0.061067750706579126	-0.4389322492934209	177
0.96703189387697	0.03296810612302997	-0.46703189387697	178
0.9503582217584986	0.04964177824150143	-0.4503582217584986	179
0.8480156251394309	0.15198437486056915	-0.34801562513943085	180
0.13726794732065356	0.8627320526793464	0.3627320526793464	181
0.7839583762119159	0.21604162378808411	-0.2839583762119159	182
0.6342061025246517	0.36579389747534835	-0.13420610252465168	183
0.02875393861632808	0.9712460613836719	0.47124606138367187	184
0.08906835546166104	0.9109316445383391	0.410931644538339	185
0.21695064628140115	0.783049353718599	0.2830493537185989	186
0.7864980011911801	0.21350199880881987	-0.2864980011911801	187
0.49557312865829656	0.5044268713417035	0.00442687134170347	188
0.7890382094729267	0.21096179052707323	-0.28903820947292674	189
0.8897438152679706	0.11025618473202936	-0.38974381526797064	190
0.34837268316557224	0.6516273168344278	0.15162731683442776	191
0.431773159550488	0.5682268404495121	0.06822684044951205	192
0.17796611934408935	0.8220338806559107	0.32203388065591065	193
0.8119651526405767	0.18803484735942336	-0.31196515264057667	194
0.8768094960586731	0.1231905039413268	-0.37680949605867314	195
0.7700190231897865	0.22998097681021354	-0.2700190231897865	196
0.9649406572073569	0.0350593427926431	-0.4649406572073569	197
0.1298063016783212	0.8701936983216788	0.3701936983216788	198
0.9486644652216886	0.05133553477831143	-0.44866446522168857	199
0.1011202025618477	0.8988797974381523	0.3988797974381523	200
0.9416669906152703	0.058333009384729725	-0.44166699061527026	201
0.8208140223776988	0.17918597762230118	-0.32081402237769885	202
0.6677372525955227	0.33226274740447725	-0.16773725259552275	203
0.8486551326614603	0.1513448673385397	-0.3486551326614603	204
0.28852161125051445	0.7114783887494855	0.21147838874948555	205
0.35394849979287224	0.6460515002071276	0.1460515002071277	206
0.1150044638264132	0.8849955361735867	0.3849955361735868	207
0.7501117352974255	0.24988826470257447	-0.2501117352974255	208
0.9221639974155683	0.07783600258443157	-0.42216399741556837	209
0.08109148993044042	0.9189085100695595	0.41890851006955954	210
0.05590496787238795	0.9440950321276119	0.444095032127612	211
0.7632965765785218	0.23670342342147824	-0.2632965765785218	212
0.05510080316634093	0.9448991968336591	0.4448991968336591	213
0.7437935833788198	0.2562064166211801	-0.24379358337881987	214
0.11500446382641322	0.8849955361735867	0.3849955361735867	215
0.06419331521399682	0.9358066847860032	0.43580668478600315	216
0.860549101207366	0.13945089879263403	-0.360549101207366	217
0.8612978548449277	0.13870214515507237	-0.36129785484492766	218
0.2983694958426403	0.7016305041573597	0.20163050415735972	219
0.12176579657013804	0.8782342034298619	0.3782342034298619	220
0.9224766756913743	0.07752332430862574	-0.42247667569137426	221
0.15038473932183688	0.8496152606781631	0.34961526067816306	222
0.3097106202444048	0.6902893797555951	0.19028937975559515	223
0.9182778795282958	0.08172212047170416	-0.4182778795282958	224
0.9751967698143539	0.024803230185646098	-0.4751967698143539	225
0.1578668215273557	0.8421331784726444	0.34213317847264435	226
0.05383908720304796	0.946160912796952	0.446160912796952	227
0.6983604868809667	0.30163951311903325	-0.19836048688096675	228
0.3583405911102657	0.6416594088897342	0.14165940888973422	229
0.9430696145709686	0.0569303854290314	-0.4430696145709686	230
0.31224197345800525	0.6877580265419948	0.18775802654199478	231
0.9435823749862218	0.05641762501377816	-0.44358237498622183	232
0.11392889559734817	0.8860711044026517	0.38607110440265174	233
0.9498922743564279	0.05010772564357209	-0.44989227435642787	234
0.8238125871591335	0.17618741284086653	-0.3238125871591335	235
0.2042321273792735	0.7957678726207265	0.29576787262072646	236
0.9399961509353829	0.06000384906461707	-0.4399961509353829	237
0.9664196394733773	0.033580360526622714	-0.4664196394733773	238
0.899993420807433	0.10000657919256704	-0.399993420807433	239
0.03669914997385908	0.963300850026141	0.46330085002614096	240
0.8979834928963775	0.1020165071036225	-0.39798349289637747	241
0.15527174065393518	0.8447282593460648	0.34472825934606477	242
0.18681650505568825	0.8131834949443117	0.31318349494431175	243
0.016039255251418926	0.983960744748581	0.48396074474858103	244
0.40151340768828836	0.5984865923117115	0.09848659231171158	245
0.8878239261299686	0.11217607387003138	-0.38782392612996863	246
0.9490448537848593	0.05095514621514083	-0.4490448537848592	247
0.17745124625507283	0.8225487537449272	0.3225487537449272	248
0.4168970932360184	0.5831029067639815	0.08310290676398152	249
0.06876581196298812	0.9312341880370119	0.43123418803701186	250
0.9710417902917963	0.02895820970820375	-0.47104179029179627	251
0.6692470297170031	0.33075297028299694	-0.1692470297170031	252
0.08419508376439862	0.9158049162356013	0.41580491623560134	253
0.5050947074879529	0.494905292512047	-0.00509470748795296	254
0.8988950499707491	0.10110495002925084	-0.39889504997074915	255
0.9319248810900347	0.06807511890996538	-0.43192488109003463	256
0.9512977239827354	0.048702276017264595	-0.4512977239827354	257
0.9458754457727052	0.05412455422729475	-0.4458754457727052	258
0.955590209415166	0.044409790584833964	-0.45559020941516604	259
0.9484679370014468	0.051532062998553285	-0.44846793700144677	260
0.8956408538423601	0.10435914615763987	-0.39564085384236014	261
0.8610183846378429	0.1389816153621572	-0.36101838463784286	262
0.9507290069859204	0.0492709930140795	-0.45072900698592044	263
0.12184375287874397	0.878156247121256	0.378156247121256	264
0.017642163479984922	0.9823578365200151	0.48235783652001507	265
0.858682429842583	0.141317570157417	-0.35868242984258303	266
0.9102877284854085	0.08971227151459141	-0.41028772848540856	267
0.8793456152353972	0.12065438476460273	-0.3793456152353972	268
0.9125968312526384	0.08740316874736162	-0.41259683125263835	269
0.05927281009463823	0.9407271899053617	0.44072718990536175	270
0.22096264901992055	0.7790373509800795	0.2790373509800795	271
0.046547768938348166	0.9534522310616518	0.4534522310616518	272
0.8177368503454993	0.18226314965450077	-0.31773685034549926	273
0.7701557203604985	0.22984427963950152	-0.2701557203604985	274
0.9263512610713813	0.07364873892861871	-0.4263512610713813	275
0.9719418981309546	0.02805810186904538	-0.4719418981309546	276
0.9286872158666412	0.0713127841333589	-0.42868721586664116	277
0.9242755134916553	0.07572448650834478	-0.42427551349165527	278
0.8051985444605689	0.19480145553943104	-0.30519854446056893	279
0.1687411941028046	0.8312588058971955	0.3312588058971954	280
0.8719748360987232	0.1280251639012769	-0.3719748360987231	281
0.6095913536498281	0.390408646350172	-0.10959135364982805	282
0.07391608343249091	0.926083916567509	0.42608391656750905	283
0.9675080529522491	0.03249194704775091	-0.46750805295224906	284
0.9455782563128046	0.054421743687195406	-0.44557825631280457	285
0.7989097910769921	0.2010902089230078	-0.29890979107699217	286
0.9764835487031465	0.02351645129685349	-0.47648354870314646	287
0.9438056084364661	0.056194391563533994	-0.44380560843646605	288
0.98302870928148	0.01697129071852004	-0.48302870928148	289
0.9258804166196771	0.0741195833803228	-0.4258804166196772	290
0.31190396903796863	0.6880960309620314	0.1880960309620314	291
0.8361229054839773	0.16387709451602278	-0.3361229054839773	292
0.3422569339550819	0.6577430660449181	0.15774306604491808	293
0.9488308570899553	0.05116914291004464	-0.44883085708995535	294
0.9380064109181567	0.0619935890818433	-0.43800641091815673	295
0.9488308570899553	0.051169142910044645	-0.44883085708995535	296
0.19612797509978927	0.8038720249002107	0.3038720249002107	297
0.9764835487031465	0.023516451296853487	-0.47648354870314646	298
0.6027681887886334	0.39723181121136664	-0.10276818878863336	299
0.815647510215905	0.1843524897840951	-0.3156475102159049	300
0.5184752997707246	0.48152470022927546	-0.018475299770724568	301
0.900512908327197	0.09948709167280292	-0.40051290832719705	302
0.8600540481210887	0.1399459518789114	-0.36005404812108865	303
0.8273107847899452	0.1726892152100547	-0.32731078478994524	304
0.2414347226841618	0.7585652773158381	0.25856527731583817	305
0.08954764799271736	0.9104523520072827	0.4104523520072827	306
0.8646540210854611	0.13534597891453887	-0.3646540210854611	307
0.8729073581087502	0.12709264189124975	-0.3729073581087502	308
0.04376505047673928	0.9562349495232607	0.4562349495232607	309
0.7523406939461934	0.24765930605380665	-0.2523406939461934	310
0.19717123367024328	0.8028287663297566	0.3028287663297567	311
0.7047354570253974	0.2952645429746027	-0.20473545702539736	312
0.8392062002016956	0.1607937997983044	-0.33920620020169556	313
0.00926410713643473	0.9907358928635652	0.4907358928635652	314
0.8298657915983813	0.17013420840161866	-0.3298657915983813	315
0.26828518501485876	0.7317148149851412	0.23171481498514124	316
0.8655576247613911	0.13444237523860886	-0.3655576247613911	317
0.21029233042420536	0.7897076695757947	0.2897076695757947	318
0.2378125212652021	0.7621874787347979	0.26218747873479786	319
0.7865605005012679	0.2134394994987321	-0.2865605005012679	320
0.07427409386676152	0.9257259061332384	0.4257259061332384	321
0.0707573994234049	0.9292426005765951	0.42924260057659513	322
0.9741677555245344	0.025832244475465675	-0.47416775552453433	323
0.18828250137684363	0.8117174986231565	0.3117174986231564	324
0.9595418048166469	0.04045819518335317	-0.45954180481664686	325
0.9519868679031076	0.048013132096892314	-0.45198686790310766	326
0.9817410827686324	0.018258917231367598	-0.48174108276863237	327
0.3843168252091255	0.6156831747908745	0.1156831747908745	328
0.8291675317251225	0.17083246827487739	-0.32916753172512253	329
0.9546933935142334	0.045306606485766614	-0.45469339351423343	330
0.10364653414256464	0.8963534658574354	0.39635346585743536	331
0.24703129810816804	0.7529687018918318	0.2529687018918319	332
0.13384685273391375	0.8661531472660862	0.3661531472660862	333
0.28590557263043154	0.7140944273695684	0.21409442736956844	334
0.9595418048166469	0.04045819518335317	-0.45954180481664686	335
0.9546933935142334	0.04530660648576662	-0.45469339351423343	336
0.9806382481581397	0.01936175184186032	-0.4806382481581397	337
0.9038663554101601	0.09613364458983979	-0.4038663554101602	338
0.2032116805440194	0.7967883194559806	0.2967883194559806	339
0.9471200662701352	0.05287993372986469	-0.4471200662701353	340
0.26898588144443053	0.7310141185555694	0.23101411855556944	341
0.2808994956218565	0.7191005043781434	0.21910050437814346	342
0.8317009204682063	0.16829907953179363	-0.3317009204682063	343
0.3899317814641581	0.6100682185358418	0.11006821853584187	344
0.36322429032388787	0.6367757096761121	0.1367757096761121	345
0.7398125281740141	0.26018747182598584	-0.23981252817401413	346
0.9278799023444836	0.07212009765551644	-0.4278799023444836	347
0.77434024012489	0.2256597598751101	-0.27434024012488994	348
0.9411325518936012	0.058867448106398886	-0.4411325518936012	349
0.7721874482203207	0.2278125517796792	-0.27218744822032076	350
0.8838230200769611	0.11617697992303894	-0.3838230200769611	351
0.8705993614647347	0.1294006385352653	-0.3705993614647347	352
0.5899923757928169	0.4100076242071831	-0.08999237579281691	353
0.8144563427664384	0.18554365723356156	-0.3144563427664384	354
0.15413690784654863	0.8458630921534513	0.34586309215345135	355
0.165775276778456	0.8342247232215441	0.33422472322154406	356
0.3862221690396581	0.6137778309603419	0.11377783096034189	357
0.585168404241976	0.4148315957580239	-0.08516840424197605	358
0.8306020668887546	0.1693979331112455	-0.33060206688875454	359
0.8177891714136768	0.18221082858632323	-0.3177891714136768	360
0.7459567564878993	0.2540432435121008	-0.24595675648789925	361
0.9649592293688917	0.03504077063110837	-0.46495922936889167	362
0.9258554051290273	0.07414459487097261	-0.42585540512902736	363
0.8742705873482015	0.12572941265179843	-0.3742705873482015	364
0.7395889399892683	0.26041106001073167	-0.23958893998926833	365
0.2475344430452513	0.7524655569547486	0.25246555695474865	366
0.9459360284911483	0.05406397150885182	-0.4459360284911483	367
0.9508777971727159	0.049122202827284155	-0.45087779717271587	368
0.12263405205753214	0.8773659479424679	0.3773659479424679	369
0.8513355672947741	0.14866443270522592	-0.3513355672947741	370
0.1822434360315305	0.8177565639684694	0.31775656396846946	371
0.6073139874487563	0.3926860125512437	-0.10731398744875631	372
0.30709760329188257	0.6929023967081174	0.1929023967081174	373
0.8729539826644341	0.12704601733556573	-0.3729539826644342	374
0.845268321976048	0.15473167802395205	-0.34526832197604795	375
0.4072985737900482	0.5927014262099519	0.09270142620995186	376
0.9196560655906793	0.08034393440932079	-0.41965606559067925	377
0.887924135474611	0.11207586452538892	-0.387924135474611	378
0.8701178611147682	0.12988213888523178	-0.3701178611147682	379
0.9655999455595707	0.03440005444042919	-0.4655999455595708	380
0.1405051153423866	0.8594948846576134	0.35949488465761337	381
0.016277417075689773	0.9837225829243103	0.48372258292431025	382
0.7424567782136503	0.25754322178634975	-0.24245677821365028	383
0.08921014326820469	0.9107898567317954	0.41078985673179536	384
0.5938190305490586	0.4061809694509414	-0.0938190305490586	385
0.01962169479979615	0.9803783052002037	0.4803783052002038	386
0.8364147341187963	0.16358526588120373	-0.3364147341187963	387
0.860806009818127	0.13919399018187295	-0.36080600981812705	388
0.26116623134492933	0.7388337686550707	0.23883376865507067	389
0.48948903310245245	0.5105109668975476	0.010510966897547575	390
0.8896709222412561	0.11032907775874387	-0.3896709222412561	391
0.9033931040409738	0.09660689595902608	-0.4033931040409739	392
0.49375952573765447	0.5062404742623456	0.0062404742623455856	393
0.8708147885592253	0.1291852114407747	-0.37081478855922534	394
0.8415901372532301	0.15840986274677	-0.34159013725323006	395
0.8852011678799913	0.11479883212000869	-0.38520116787999126	396
0.8897699352841876	0.1102300647158124	-0.3897699352841876	397
0.9248290666593445	0.07517093334065557	-0.42482906665934445	398
0.21323015756815908	0.7867698424318409	0.2867698424318409	399
0.2805533847368623	0.7194466152631378	0.21944661526313775	400
0.5473337186948407	0.4526662813051593	-0.04733371869484071	401
0.026128061162090026	0.9738719388379099	0.47387193883790996	402
0.13615804214066657	0.8638419578593335	0.3638419578593335	403
0.9536619600463293	0.04633803995367075	-0.4536619600463293	404
0.6876759312211036	0.31232406877889646	-0.18767593122110357	405
0.10484671655369636	0.8951532834463037	0.3951532834463037	406
0.10518386644575138	0.8948161335542487	0.39481613355424866	407
0.10965233024343006	0.8903476697565699	0.3903476697565699	408
0.9601536725993639	0.039846327400636074	-0.4601536725993639	409
0.46856774044833477	0.5314322595516652	0.031432259551665204	410
0.3045844890946352	0.6954155109053648	0.1954155109053648	411
0.2615647500049863	0.7384352499950138	0.23843524999501373	412
0.1674804950671193	0.8325195049328806	0.3325195049328807	413
0.9135020660789901	0.08649793392100989	-0.4135020660789901	414
0.2939097402146545	0.7060902597853456	0.20609025978534554	415
0.9882397239574527	0.011760276042547174	-0.4882397239574528	416
0.10394946500626594	0.896050534993734	0.39605053499373405	417
0.904364482649094	0.09563551735090611	-0.4043644826490939	418
0.6552622844962463	0.34473771550375354	-0.1552622844962464	419
0.9677474583902276	0.03225254160977235	-0.46774745839022763	420
0.4929326056244874	0.5070673943755127	0.007067394375512681	421
0.3039403932211314	0.6960596067788685	0.19605960677886852	422
0.3582389390949819	0.6417610609050182	0.14176106090501814	423
0.9526333788771519	0.04736662112284814	-0.4526333788771519	424
0.9291681469048981	0.07083185309510194	-0.4291681469048981	425
0.7656155865425309	0.23438441345746913	-0.2656155865425309	426
0.19336213690235426	0.8066378630976457	0.30663786309764574	427
0.1610998622775888	0.8389001377224111	0.3389001377224112	428
0.35509212335827517	0.6449078766417249	0.14490787664172486	429
0.9865503483047537	0.01344965169524624	-0.48655034830475374	430
0.9075076290165296	0.09249237098347032	-0.40750762901652965	431
0.32169803402487107	0.6783019659751289	0.17830196597512893	432
0.05527780223607298	0.9447221977639271	0.4447221977639271	433
0.10243966981937194	0.8975603301806281	0.3975603301806281	434
0.09957474878675161	0.9004252512132483	0.40042525121324835	435
0.30399467713818523	0.6960053228618148	0.1960053228618148	436
0.38670518495984557	0.6132948150401545	0.11329481504015446	437
0.21635095920321948	0.7836490407967805	0.28364904079678055	438
0.7161797883750594	0.2838202116249406	-0.21617978837505938	439
0.8859327853692283	0.11406721463077181	-0.3859327853692282	440
0.9390274225825236	0.060972577417476415	-0.4390274225825236	441
0.024541810571667877	0.9754581894283321	0.47545818942833207	442
0.8280423395335813	0.1719576604664187	-0.3280423395335813	443
0.9087811271192473	0.09121887288075278	-0.40878112711924725	444
0.9860974798169972	0.013902520183002849	-0.4860974798169972	445
0.0605971057586732	0.9394028942413268	0.43940289424132684	446
0.09053012565714387	0.9094698743428562	0.40946987434285614	447
0.13211981116185448	0.8678801888381454	0.3678801888381455	448
0.21196113454985568	0.7880388654501443	0.28803886545014434	449
0.46196423359295835	0.5380357664070416	0.03803576640704165	450
0.04968320596398436	0.9503167940360157	0.45031679403601566	451
0.37275873591574354	0.6272412640842564	0.12724126408425643	452
0.0661314960763785	0.9338685039236215	0.43386850392362153	453
0.1633205557479948	0.8366794442520052	0.33667944425200524	454
0.16057991422178863	0.8394200857782113	0.3394200857782113	455
0.8122298888091991	0.18777011119080098	-0.31222988880919905	456
0.11567152104946035	0.8843284789505397	0.3843284789505397	457
0.2370009300512045	0.7629990699487955	0.2629990699487955	458
0.9555268700091102	0.04447312999088987	-0.4555268700091102	459
0.6857718803622723	0.3142281196377277	-0.18577188036227232	460
0.7914874832743883	0.20851251672561164	-0.29148748327438834	461
0.2527573104850707	0.7472426895149292	0.24724268951492925	462
0.2924750025220562	0.7075249974779438	0.2075249974779438	463
0.9173681590698092	0.08263184093019092	-0.4173681590698091	464
0.6798381665238235	0.3201618334761766	-0.17983816652382342	465
0.9063619719684176	0.09363802803158226	-0.40636197196841767	466
0.7237028612412415	0.2762971387587585	-0.2237028612412415	467
0.7022495335438669	0.2977504664561331	-0.20224953354386688	468
0.6815636659367009	0.318436334063299	-0.18156366593670095	469
0.18132807423743802	0.818671925762562	0.318671925762562	470
0.6636168571520925	0.33638314284790755	-0.16361685715209248	471
0.4248289932879425	0.5751710067120575	0.07517100671205748	472
0.24572451766304682	0.7542754823369531	0.25427548233695313	473
0.1780026652025692	0.8219973347974309	0.32199733479743087	474
0.6359513253385788	0.3640486746614212	-0.1359513253385788	475
0.4035574844054657	0.5964425155945344	0.09644251559453437	476
0.8222394975852101	0.17776050241478988	-0.3222394975852101	477
0.6058440146847276	0.3941559853152724	-0.1058440146847276	478
0.7508911241688004	0.2491088758311997	-0.2508911241688004	479
0.4456997909612717	0.5543002090387283	0.054300209038728314	480
0.3167185831524192	0.6832814168475809	0.18328141684758087	481
0.8608050059115279	0.13919499408847216	-0.36080500591152787	482
0.3731337001497758	0.6268662998502241	0.12686629985022416	483
0.8579600355871755	0.1420399644128245	-0.3579600355871755	484
0.47302396300482497	0.526976036995175	0.026976036995175035	485
0.02189444983406821	0.9781055501659317	0.47810555016593176	486
0.8767374923762447	0.1232625076237553	-0.37673749237624465	487
0.10206467844408795	0.897935321555912	0.39793532155591205	488
0.12525883877727687	0.8747411612227232	0.37474116122272316	489
0.9188229165608532	0.08117708343914669	-0.4188229165608533	490
0.18556982326175836	0.8144301767382417	0.3144301767382417	491
0.9033652191179515	0.09663478088204848	-0.40336521911795153	492
0.9114056924577929	0.08859430754220705	-0.4114056924577929	493
0.9276763283455216	0.07232367165447846	-0.42767632834552155	494
0.7794053407451602	0.22059465925483987	-0.27940534074516016	495
0.8018709898460317	0.19812901015396842	-0.3018709898460316	496
0.8768499076798487	0.12315009232015131	-0.3768499076798487	497
0.41313191874491245	0.5868680812550875	0.08686808125508752	498
0.376744972026859	0.6232550279731409	0.12325502797314095	499
0.24722698104244947	0.7527730189575506	0.25277301895755055	500
0.14026206743667813	0.8597379325633219	0.35973793256332187	501
0.36183821048651477	0.6381617895134851	0.13816178951348518	502
0.920762643367105	0.07923735663289497	-0.420762643367105	503
0.9376675155935944	0.062332484406405535	-0.43766751559359446	504
0.2463336996670491	0.7536663003329509	0.2536663003329509	505
0.21850618290559182	0.7814938170944082	0.28149381709440824	506
0.8934310974778507	0.10656890252214934	-0.39343109747785066	507
0.9354257759991764	0.06457422400082351	-0.4354257759991765	508
0.9141803906312922	0.08581960936870783	-0.4141803906312922	509
0.07889484210306703	0.921105157896933	0.421105157896933	510
0.9223958626172868	0.07760413738271323	-0.4223958626172868	511
0.26082399094094816	0.7391760090590518	0.23917600905905181	512
0.7958356960043975	0.2041643039956024	-0.2958356960043976	513
0.10620722059920913	0.8937927794007908	0.3937927794007908	514
0.9152972264860938	0.0847027735139062	-0.4152972264860938	515
0.937529426480555	0.062470573519444995	-0.43752942648055504	516
0.920762643367105	0.07923735663289495	-0.420762643367105	517
0.2219250009777054	0.7780749990222946	0.2780749990222946	518
0.1649534333917508	0.8350465666082492	0.33504656660824916	519
0.8835384601586078	0.1164615398413922	-0.3835384601586078	520
0.9480235928952432	0.05197640710475671	-0.44802359289524324	521
0.11548437761297214	0.8845156223870279	0.38451562238702786	522
0.9653916114307153	0.03460838856928468	-0.4653916114307153	523
0.9495823500966403	0.050417649903359604	-0.4495823500966403	524
0.9510620991364952	0.04893790086350477	-0.4510620991364952	525
0.9615516526555392	0.0384483473444607	-0.46155165265553927	526
0.2291913319096	0.7708086680903999	0.27080866809039994	527
0.021408173389673345	0.9785918266103266	0.4785918266103266	528
0.04706536468479197	0.9529346353152081	0.45293463531520806	529
0.01903095379492503	0.980969046205075	0.48096904620507497	530
0.021408173389673345	0.9785918266103266	0.4785918266103266	531
0.2185253110627576	0.7814746889372425	0.2814746889372424	532
0.20599819416584914	0.7940018058341509	0.2940018058341509	533
0.033316326774366634	0.9666836732256333	0.4666836732256333	534
0.965024834764608	0.03497516523539199	-0.465024834764608	535
0.8710631796911821	0.12893682030881784	-0.37106317969118213	536
0.9572092699582007	0.0427907300417993	-0.45720926995820066	537
0.13101247224275198	0.8689875277572481	0.3689875277572481	538
0.9830947761516047	0.016905223848395424	-0.4830947761516046	539
0.9622378181715747	0.03776218182842532	-0.4622378181715747	540
0.9313628590565526	0.06863714094344744	-0.4313628590565526	541
0.9564490264314809	0.04355097356851914	-0.4564490264314809	542
0.26783762930158994	0.7321623706984101	0.23216237069841006	543
0.2503905821820789	0.7496094178179212	0.24960941781792118	544
0.9381998277082184	0.0618001722917816	-0.4381998277082184	545
0.2085106463165579	0.7914893536834421	0.2914893536834421	546
0.14868566595701588	0.8513143340429842	0.3513143340429842	547
0.8566327539054106	0.14336724609458942	-0.3566327539054106	548
0.3181883613863591	0.6818116386136409	0.1818116386136409	549
0.8363543243016582	0.16364567569834176	-0.33635432430165824	550
0.20969839666404325	0.7903016033359567	0.2903016033359567	551
0.6141208013635465	0.38587919863645354	-0.11412080136354649	552
0.8072884925999984	0.1927115074000017	-0.30728849259999835	553
0.18042712975912653	0.8195728702408734	0.31957287024087344	554
0.11553333831446516	0.8844666616855348	0.3844666616855348	555
0.02764575869027326	0.9723542413097268	0.47235424130972675	556
0.15609145164318483	0.8439085483568152	0.34390854835681517	557
0.4161824038397155	0.5838175961602845	0.0838175961602845	558
0.9671512344980001	0.03284876550199992	-0.4671512344980001	559
0.9401730462226925	0.059826953777307595	-0.44017304622269243	560
0.008049479819497628	0.9919505201805024	0.4919505201805024	561
0.9057604398885559	0.09423956011144419	-0.40576043988855587	562
0.017839596654133157	0.9821604033458667	0.4821604033458668	563
0.9178107133793134	0.08218928662068659	-0.4178107133793134	564
0.9252495273963678	0.07475047260363218	-0.4252495273963678	565
0.24143654986907745	0.7585634501309225	0.2585634501309225	566
0.9245986768293212	0.07540132317067882	-0.4245986768293212	567
0.9340621714105765	0.06593782858942353	-0.43406217141057646	568
0.9045270647981124	0.09547293520188761	-0.4045270647981124	569
0.9094729988285025	0.09052700117149746	-0.4094729988285025	570
0.937362805769538	0.06263719423046195	-0.437362805769538	571
0.9208861178893745	0.07911388211062556	-0.42088611788937447	572
0.017839596654133157	0.9821604033458669	0.48216040334586685	573
0.05771855191223017	0.9422814480877699	0.44228144808776987	574
0.9265494312879247	0.07345056871207532	-0.42654943128792466	575
0.924272054575941	0.07572794542405906	-0.42427205457594097	576
0.023938322015027262	0.9760616779849728	0.4760616779849728	577
0.06375047227411886	0.9362495277258811	0.4362495277258811	578
0.9283358531296135	0.07166414687038644	-0.42833585312961353	579
0.008049479819497626	0.9919505201805024	0.4919505201805024	580
0.9193832127099244	0.08061678729007551	-0.41938321270992446	581
0.9222371277687195	0.07776287223128055	-0.42223712776871947	582
0.9155505567231913	0.08444944327680864	-0.4155505567231913	583
0.9013340254991498	0.09866597450085021	-0.40133402549914976	584
0.4143059705132228	0.5856940294867772	0.08569402948677718	585
0.9027864277829745	0.09721357221702553	-0.40278642778297447	586
0.1987132767498036	0.8012867232501965	0.30128672325019645	587
0.7920584511018719	0.2079415488981281	-0.2920584511018719	588
0.07814112735927284	0.9218588726407272	0.4218588726407272	589
0.7835298506367263	0.21647014936327377	-0.28352985063672625	590
0.7915163255738111	0.20848367442618884	-0.29151632557381113	591
0.3282851266529086	0.6717148733470913	0.17171487334709137	592
0.9141365419614337	0.08586345803856633	-0.4141365419614337	593
0.9057604398885559	0.09423956011144419	-0.40576043988855587	594
0.23379736134423498	0.766202638655765	0.266202638655765	595
0.10481719616446462	0.8951828038355354	0.3951828038355354	596
0.9388152080533626	0.06118479194663727	-0.43881520805336266	597
0.16653274163136206	0.8334672583686379	0.3334672583686379	598
0.7170244941387773	0.2829755058612227	-0.2170244941387773	599
0.9350396442310033	0.06496035576899667	-0.4350396442310033	600
0.017504966349762074	0.9824950336502379	0.48249503365023794	601
0.20206861806877588	0.7979313819312241	0.29793138193122415	602
0.36245697841146823	0.6375430215885318	0.1375430215885318	603
0.7695644291702013	0.23043557082979868	-0.2695644291702013	604
0.9269609856426025	0.07303901435739746	-0.42696098564260254	605
0.08608286783573622	0.9139171321642637	0.41391713216426373	606
0.052079693698532034	0.947920306301468	0.44792030630146795	607
0.04312168128827104	0.956878318711729	0.456878318711729	608
0.931841619223505	0.06815838077649512	-0.4318416192235049	609
0.8727749260021842	0.12722507399781574	-0.3727749260021842	610
0.9303015354378503	0.06969846456214966	-0.4303015354378503	611
0.9415950032015901	0.05840499679840998	-0.44159500320159006	612
0.8969333298158215	0.1030666701841784	-0.3969333298158216	613
0.22513477924621392	0.774865220753786	0.27486522075378605	614
0.05079869781768539	0.9492013021823146	0.4492013021823146	615
0.9213394599397291	0.07866054006027083	-0.42133945993972916	616
0.9782439499637359	0.0217560500362641	-0.47824394996373587	617
0.04810848285081075	0.9518915171491893	0.4518915171491893	618
0.3752642931760512	0.6247357068239487	0.12473570682394877	619
0.9149078971700568	0.0850921028299432	-0.4149078971700568	620
0.08553227287608478	0.9144677271239152	0.4144677271239152	621
0.13734745637575155	0.8626525436242485	0.3626525436242485	622
0.9750741225984737	0.02492587740152632	-0.4750741225984737	623
0.04370268240776288	0.9562973175922372	0.4562973175922372	624
0.9910132705218027	0.008986729478197421	-0.4910132705218026	625
0.9393660115138994	0.06063398848610055	-0.4393660115138994	626
0.9745594884010691	0.02544051159893084	-0.47455948840106915	627
0.04420110647174444	0.9557988935282556	0.4557988935282556	628
0.9375869247711831	0.062413075228816915	-0.4375869247711831	629
0.9506991897919774	0.049300810208022516	-0.45069918979197743	630
0.7422959554649612	0.25770404453503887	-0.24229595546496116	631
0.8163398964798833	0.18366010352011672	-0.31633989647988325	632
0.9099870472526207	0.09001295274737937	-0.40998704725262064	633
0.8704121693692493	0.12958783063075077	-0.37041216936924926	634
0.880314358583228	0.11968564141677196	-0.38031435858322804	635
0.33910882141682397	0.660891178583176	0.16089117858317603	636
0.16996074301600467	0.8300392569839954	0.3300392569839954	637
0.07362810861982864	0.9263718913801713	0.42637189138017134	638
0.15729457769154742	0.8427054223084527	0.34270542230845263	639
0.015440723859347333	0.9845592761406528	0.4845592761406527	640
0.011872851589815674	0.9881271484101843	0.48812714841018434	641
0.8660160030810687	0.13398399691893126	-0.36601600308106874	642
0.015476422902746244	0.9845235770972537	0.48452357709725374	643
0.12098532450092768	0.8790146754990723	0.3790146754990723	644
0.07073346735597369	0.9292665326440264	0.42926653264402637	645
0.9744554422659699	0.02554455773403005	-0.4744554422659699	646
0.9375158420338285	0.0624841579661714	-0.4375158420338286	647
0.4600523054136298	0.5399476945863703	0.039947694586370236	648
0.39342294747452156	0.6065770525254783	0.10657705252547839	649
0.9518098978140015	0.04819010218599845	-0.4518098978140015	650
0.942169026126286	0.05783097387371416	-0.4421690261262859	651
0.1604820995885428	0.8395179004114574	0.3395179004114573	652
0.9459544239767719	0.054045576023228147	-0.4459544239767719	653
0.8992193005834435	0.10078069941655657	-0.39921930058344346	654
0.9336757854248481	0.06632421457515182	-0.43367578542484814	655
0.9267706988080918	0.0732293011919082	-0.4267706988080918	656
0.5020811051501157	0.4979188948498843	-0.002081105150115725	657
0.051122309827911355	0.9488776901720887	0.4488776901720887	658
0.9283849453524616	0.0716150546475384	-0.42838494535246163	659
0.942733659891129	0.05726634010887101	-0.442733659891129	660
0.0416389488187431	0.9583610511812569	0.4583610511812569	661
0.48304692710858854	0.5169530728914113	0.016953072891411403	662
0.5447712254740006	0.4552287745259995	-0.04477122547400053	663
0.9979337033018899	0.002066296698109997	-0.49793370330188996	664
0.12387213907597408	0.876127860924026	0.37612786092402595	665
0.2067268325562224	0.7932731674437775	0.29327316744377757	666
0.5285492088418484	0.4714507911581516	-0.028549208841848417	667
0.9788236763137844	0.021176323686215564	-0.4788236763137844	668
0.6207447438196725	0.3792552561803275	-0.12074474381967248	669
0.9814688610295134	0.01853113897048655	-0.4814688610295134	670
0.9598191026629544	0.0401808973370455	-0.45981910266295445	671
0.1950723658598587	0.8049276341401413	0.30492763414014135	672
0.13905219275768674	0.8609478072423133	0.3609478072423133	673
0.2927164624574413	0.7072835375425587	0.20728353754255868	674
0.9314833054331901	0.06851669456680991	-0.43148330543319013	675
0.17052543642796367	0.8294745635720363	0.3294745635720363	676
0.13304889672243025	0.8669511032775697	0.36695110327756975	677
0.9329916083156318	0.06700839168436819	-0.43299160831563177	678
0.0664503978686999	0.9335496021313001	0.4335496021313001	679
0.04739978945591615	0.9526002105440837	0.4526002105440838	680
0.8246293502489558	0.17537064975104424	-0.3246293502489558	681
0.38542688326037977	0.6145731167396201	0.11457311673962017	682
0.04670958669395591	0.953290413306044	0.4532904133060441	683
0.2134041384567527	0.7865958615432473	0.28659586154324734	684
0.9269636844182219	0.07303631558177814	-0.42696368441822186	685
0.7829754678717898	0.21702453212821016	-0.28297546787178984	686
0.8195218077171624	0.1804781922828376	-0.31952180771716243	687
0.3342842130481552	0.6657157869518447	0.16571578695184477	688
0.35060837800512945	0.6493916219948705	0.14939162199487055	689
0.8720233850592364	0.12797661494076354	-0.37202338505923643	690
0.9191829839066573	0.08081701609334264	-0.4191829839066573	691
0.26061709277734885	0.7393829072226511	0.23938290722265113	692
0.09889574353347891	0.9011042564665211	0.40110425646652115	693
0.8211169827033413	0.17888301729665868	-0.3211169827033413	694
0.8232460016446224	0.17675399835537767	-0.32324600164462236	695
0.35160831567662804	0.648391684323372	0.148391684323372	696
0.013562324219280615	0.9864376757807194	0.4864376757807194	697
0.8223082558718506	0.17769174412814925	-0.3223082558718507	698
0.8609223924378814	0.13907760756211857	-0.3609223924378814	699
0.8318960881988349	0.1681039118011651	-0.33189608819883487	700
0.8188795090263764	0.1811204909736236	-0.3188795090263764	701
0.8160452060694441	0.18395479393055586	-0.3160452060694441	702
0.8059230001442343	0.19407699985576565	-0.30592300014423435	703
0.04217656064805048	0.9578234393519495	0.45782343935194947	704
0.60276270515158	0.39723729484841985	-0.10276270515158009	705
0.029051971082535512	0.9709480289174645	0.47094802891746446	706
0.19192443208025023	0.8080755679197498	0.30807556791974977	707
0.07609672726505522	0.9239032727349448	0.42390327273494477	708
0.09082640419169466	0.9091735958083054	0.40917359580830537	709
0.06606941070130877	0.9339305892986912	0.4339305892986912	710
0.04908966859596235	0.9509103314040377	0.4509103314040377	711
0.04604360067350649	0.9539563993264935	0.45395639932649345	712
0.06454221842261357	0.9354577815773863	0.4354577815773864	713
0.05295670862141835	0.9470432913785817	0.4470432913785817	714
0.5222181714464265	0.4777818285535736	-0.022218171446426432	715
0.06153575098359517	0.9384642490164048	0.4384642490164048	716
0.04908966859596235	0.9509103314040377	0.4509103314040377	717
0.8384317109573123	0.16156828904268775	-0.3384317109573123	718
0.7512480128999466	0.24875198710005345	-0.2512480128999466	719
0.8227465490518324	0.17725345094816755	-0.3227465490518324	720
0.8175487334902328	0.1824512665097671	-0.3175487334902329	721
0.15041682199832546	0.8495831780016745	0.3495831780016745	722
0.103163089246291	0.8968369107537091	0.396836910753709	723
0.9233531464252741	0.07664685357472581	-0.42335314642527416	724
0.46873400590458686	0.5312659940954131	0.03126599409541311	725
0.9428816381140981	0.05711836188590179	-0.44288163811409814	726
0.8839782518068031	0.11602174819319684	-0.3839782518068031	727
0.8976138289762596	0.10238617102374041	-0.39761382897625963	728
0.919642259070867	0.08035774092913292	-0.41964225907086705	729
0.9246283119458014	0.07537168805419853	-0.4246283119458014	730
0.12054726895796683	0.8794527310420331	0.37945273104203314	731
0.8532977144518428	0.14670228554815717	-0.35329771445184277	732
0.07396636638592417	0.9260336336140758	0.4260336336140758	733
0.8629015163256175	0.1370984836743825	-0.3629015163256175	734
0.07470802127615436	0.9252919787238456	0.4252919787238456	735
0.9022764109440886	0.09772358905591143	-0.4022764109440886	736
0.05482429627657979	0.9451757037234203	0.44517570372342025	737
0.15300823770324828	0.8469917622967517	0.34699176229675166	738
0.06214914852046564	0.9378508514795344	0.4378508514795344	739
0.23312883435128676	0.7668711656487133	0.26687116564871327	740
0.8826137958659704	0.11738620413402952	-0.38261379586597044	741
0.08051074399407139	0.9194892560059287	0.4194892560059286	742
0.7688978614964365	0.2311021385035636	-0.26889786149643646	743
0.9258732770276884	0.07412672297231161	-0.4258732770276884	744
0.885679668647677	0.11432033135232306	-0.385679668647677	745
0.8989527182806302	0.10104728171936979	-0.39895271828063017	746
0.27386455412845523	0.7261354458715448	0.22613544587154477	747
0.7455941907597037	0.2544058092402962	-0.24559419075970373	748
0.8989527182806303	0.10104728171936976	-0.3989527182806303	749
0.7825913197889349	0.21740868021106516	-0.28259131978893487	750
0.06711426949715905	0.932885730502841	0.43288573050284096	751
0.9527270592404171	0.04727294075958282	-0.4527270592404172	752
0.1677738048754267	0.8322261951245733	0.3322261951245733	753
0.15737642662589146	0.8426235733741086	0.3426235733741086	754
0.938520387599353	0.061479612400647136	-0.4385203875993529	755
0.9202164687993034	0.07978353120069658	-0.4202164687993034	756
0.0857975402375473	0.9142024597624527	0.41420245976245273	757
0.9493478285916193	0.05065217140838081	-0.4493478285916192	758
0.11319274671032216	0.8868072532896779	0.38680725328967785	759
0.8905318048713617	0.10946819512863823	-0.39053180487136174	760
0.24340657914366864	0.7565934208563314	0.2565934208563314	761
0.139206714051234	0.860793285948766	0.36079328594876603	762
0.930087709997186	0.06991229000281397	-0.43008770999718604	763
0.9965549592343662	0.003445040765633784	-0.4965549592343662	764
0.9800397648963407	0.01996023510365929	-0.4800397648963407	765
0.3939061751187216	0.6060938248812784	0.10609382488127839	766
0.059963407767777005	0.9400365922322229	0.44003659223222297	767
0.14383516390563883	0.8561648360943611	0.3561648360943611	768
0.057808595091684394	0.9421914049083157	0.44219140490831566	769
0.048875531532833194	0.9511244684671668	0.4511244684671668	770
0.8232316751180087	0.17676832488199143	-0.3232316751180086	771
0.9592489411232373	0.040751058876762766	-0.4592489411232373	772
0.9714271924865532	0.02857280751344681	-0.4714271924865532	773
0.9417694595822591	0.05823054041774087	-0.4417694595822591	774
0.963761894727126	0.036238105272873994	-0.46376189472712603	775
0.8825157120628776	0.11748428793712241	-0.3825157120628776	776
0.4771583801909994	0.5228416198090006	0.022841619809000596	777
0.976594724130707	0.023405275869292922	-0.476594724130707	778
0.8696555222712767	0.13034447772872323	-0.36965552227127674	779
0.9719986035465654	0.028001396453434562	-0.4719986035465654	780
0.9699866440554814	0.030013355944518663	-0.46998664405548135	781
0.9656425388585835	0.034357461141416426	-0.46564253885858353	782
0.9605863206484824	0.039413679351517655	-0.4605863206484824	783
0.6786288417406512	0.32137115825934875	-0.17862884174065122	784
0.1607888409437348	0.8392111590562652	0.3392111590562652	785
0.7654813143697918	0.2345186856302082	-0.26548131436979183	786
0.9640079680137853	0.03599203198621472	-0.4640079680137853	787
0.9588755262697798	0.0411244737302202	-0.4588755262697798	788
0.9883975748302813	0.01160242516971861	-0.48839757483028134	789
0.05402919008699487	0.9459708099130052	0.44597080991300514	790
0.22240218280477397	0.7775978171952261	0.2775978171952261	791
0.9494185814734855	0.05058141852651451	-0.44941858147348546	792
0.8559713896400756	0.14402861035992431	-0.35597138964007563	793
0.957583753407747	0.04241624659225286	-0.4575837534077471	794
0.2658846503098564	0.7341153496901435	0.23411534969014353	795
0.9583322075444615	0.041667792455538595	-0.4583322075444614	796
0.055038110890391165	0.9449618891096088	0.4449618891096088	797
0.97288037199087	0.027119628009130037	-0.47288037199086996	798
0.97288037199087	0.027119628009130037	-0.47288037199086996	799
0.190812715213277	0.809187284786723	0.30918728478672297	800
0.9637852670143482	0.036214732985651796	-0.4637852670143482	801
0.021113645369625053	0.9788863546303749	0.47888635463037493	802
0.8905446512759483	0.10945534872405177	-0.3905446512759483	803
0.13343456966269543	0.8665654303373046	0.3665654303373046	804
0.14019895482386138	0.8598010451761386	0.35980104517613865	805
0.06164381215292264	0.9383561878470774	0.4383561878470774	806
0.9538568313889952	0.04614316861100481	-0.45385683138899524	807
0.14650875090908777	0.8534912490909121	0.3534912490909122	808
0.11999788796683729	0.8800021120331627	0.3800021120331627	809
0.8975182596169696	0.10248174038303037	-0.3975182596169696	810
0.9006597223776697	0.0993402776223303	-0.40065972237766967	811
0.6172137747636159	0.3827862252363841	-0.11721377476361591	812
0.24114669251473916	0.7588533074852607	0.25885330748526075	813
0.8518998630609816	0.14810013693901838	-0.35189986306098164	814
0.12819367977148136	0.8718063202285187	0.37180632022851867	815
0.014140037028603645	0.9858599629713963	0.48585996297139633	816
0.982871658873777	0.01712834112622292	-0.48287165887377703	817
0.1601561935153213	0.8398438064846787	0.3398438064846787	818
0.9688363796736866	0.031163620326313434	-0.4688363796736866	819
0.2802690346263483	0.7197309653736518	0.21973096537365175	820
0.10284687541766978	0.8971531245823302	0.3971531245823302	821
0.9463915976008005	0.05360840239919948	-0.4463915976008005	822
0.9408270638730111	0.05917293612698895	-0.44082706387301107	823
0.20111983478280057	0.7988801652171994	0.2988801652171994	824
0.17828620851738766	0.8217137914826124	0.32171379148261237	825
0.21682285007056035	0.7831771499294397	0.28317714992943965	826
0.01820530119853577	0.9817946988014642	0.4817946988014642	827
0.09904917308637	0.9009508269136299	0.40095082691363	828
0.053795432899662946	0.9462045671003371	0.44620456710033707	829
0.31358798027567747	0.6864120197243225	0.18641201972432253	830
0.9418235718371966	0.05817642816280343	-0.44182357183719656	831
0.08922645304497939	0.9107735469550206	0.41077354695502055	832
0.9358085406721476	0.06419145932785245	-0.4358085406721476	833
0.9916889566302021	0.008311043369797901	-0.49168895663020207	834
0.05021184287003791	0.949788157129962	0.44978815712996206	835
0.9769474497810617	0.023052550218938345	-0.4769474497810617	836
0.893532433210264	0.10646756678973594	-0.39353243321026404	837
0.3558790700796555	0.6441209299203444	0.14412092992034445	838
0.2763956395571094	0.7236043604428907	0.22360436044289064	839
0.10347378719220487	0.8965262128077952	0.39652621280779515	840
0.05323962002146462	0.9467603799785353	0.44676037997853535	841
0.9074228728193853	0.09257712718061469	-0.4074228728193853	842
0.11358199157802033	0.8864180084219797	0.3864180084219797	843
0.8737313517897928	0.12626864821020728	-0.3737313517897928	844
0.756828857253352	0.24317114274664794	-0.256828857253352	845
0.9672348091834617	0.03276519081653823	-0.4672348091834617	846
0.9216553689066823	0.07834463109331764	-0.4216553689066823	847
0.971363416390597	0.028636583609402896	-0.47136341639059703	848
0.9598582608353405	0.04014173916465943	-0.45985826083534054	849
0.3100492600195866	0.6899507399804133	0.18995073998041337	850
0.05323962002146464	0.9467603799785353	0.44676037997853535	851
0.9084523458753694	0.09154765412463067	-0.4084523458753694	852
0.12058951211536546	0.8794104878846345	0.3794104878846345	853
0.07916385444676656	0.9208361455532335	0.42083614555323345	854
0.954256172649806	0.045743827350193916	-0.45425617264980606	855
0.0947954714750267	0.9052045285249732	0.40520452852497324	856
0.9695609857533996	0.030439014246600476	-0.46956098575339955	857
0.06411499090714198	0.935885009092858	0.435885009092858	858
0.7613053275169418	0.23869467248305834	-0.26130532751694174	859
0.948835551361313	0.05116444863868695	-0.44883555136131303	860
0.41025152471803666	0.5897484752819634	0.08974847528196336	861
0.9113033966358075	0.08869660336419251	-0.4113033966358075	862
0.2680036608304013	0.7319963391695987	0.23199633916959872	863
0.9627083270033617	0.03729167299663827	-0.46270832700336173	864
0.9293424416030811	0.07065755839691888	-0.4293424416030811	865
0.1666688747230619	0.8333311252769381	0.3333311252769381	866
0.166109981001731	0.833890018998269	0.333890018998269	867
0.1276905748187894	0.8723094251812107	0.37230942518121063	868
0.9786044877264339	0.02139551227356606	-0.47860448772643394	869
0.968450171235804	0.03154982876419601	-0.468450171235804	870
0.040200775191937425	0.9597992248080627	0.4597992248080626	871
0.12871975198938004	0.8712802480106199	0.37128024801061993	872
0.9636441405898712	0.036355859410128734	-0.46364414058987125	873
0.62836003926552	0.37163996073448	-0.12836003926551998	874
0.8610774766104669	0.13892252338953312	-0.36107747661046685	875
0.8071411127338259	0.192858887266174	-0.30714111273382594	876
0.968450171235804	0.03154982876419601	-0.468450171235804	877
0.5694008703841243	0.43059912961587565	-0.06940087038412435	878
0.37943409764527936	0.6205659023547208	0.1205659023547207	879
0.19484277416254356	0.8051572258374565	0.30515722583745647	880
0.7565177565854396	0.24348224341456043	-0.2565177565854396	881
0.0926564191955552	0.9073435808044449	0.4073435808044448	882
0.9798093874992179	0.02019061250078211	-0.47980938749921787	883
0.049315528249783636	0.9506844717502163	0.4506844717502163	884
0.9299631513854377	0.07003684861456236	-0.42996315138543767	885
0.1236697306338339	0.8763302693661661	0.3763302693661661	886
0.22977872962676216	0.7702212703732378	0.27022127037323784	887
0.04407554196024814	0.9559244580397519	0.4559244580397519	888
0.09789640548509067	0.9021035945149093	0.4021035945149093	889
0.8185671574695705	0.18143284253042952	-0.31856715746957054	890
0.9818483698544964	0.018151630145503583	-0.4818483698544964	891
0.9332524901981556	0.06674750980184442	-0.4332524901981556	892
0.8856364941657237	0.11436350583427644	-0.3856364941657236	893
0.7288674813018334	0.27113251869816657	-0.22886748130183343	894
0.6915220425737137	0.3084779574262862	-0.19152204257371377	895
0.4644900337294004	0.5355099662705995	0.035509966270599574	896
0.7498789733830112	0.25012102661698876	-0.24987897338301124	897
0.8938362766268895	0.10616372337311057	-0.39383627662688947	898
0.6019081093411024	0.39809189065889766	-0.10190810934110237	899
0.9305636279511624	0.06943637204883758	-0.43056362795116243	900
0.9700183751346001	0.029981624865399917	-0.4700183751346001	901
0.9700183751346001	0.029981624865399917	-0.4700183751346001	902
0.46805259810141825	0.5319474018985818	0.03194740189858178	903
0.05045346848398234	0.9495465315160176	0.44954653151601764	904
0.28733614886649206	0.7126638511335079	0.21266385113350794	905
0.10792898817379651	0.8920710118262035	0.3920710118262035	906
0.1038023960729021	0.8961976039270978	0.39619760392709785	907
0.9726880415420072	0.02731195845799286	-0.47268804154200716	908
0.31219092126250436	0.6878090787374956	0.18780907873749564	909
0.9323266448696688	0.06767335513033132	-0.4323266448696687	910
0.9334510608832343	0.0665489391167658	-0.4334510608832342	911
0.9831529265126779	0.016847073487322162	-0.4831529265126779	912
0.24494904705865034	0.7550509529413497	0.2550509529413497	913
0.9561882508973027	0.04381174910269719	-0.4561882508973028	914
0.10381041447529873	0.8961895855247013	0.3961895855247013	915
0.9742548564387418	0.02574514356125824	-0.47425485643874177	916
0.6355070356846091	0.3644929643153908	-0.13550703568460915	917
0.9612922385502662	0.038707761449733695	-0.4612922385502663	918
0.928090163565527	0.07190983643447298	-0.428090163565527	919
0.8653000025010285	0.13469999749897166	-0.3653000025010284	920
0.8951500612430852	0.10484993875691476	-0.3951500612430852	921
0.8783842623005944	0.12161573769940558	-0.3783842623005944	922
0.9017351481437156	0.09826485185628442	-0.4017351481437156	923
0.4021812929489314	0.5978187070510687	0.09781870705106863	924
0.13764290234549947	0.8623570976545006	0.3623570976545006	925
0.9343093227946415	0.0656906772053585	-0.4343093227946415	926
0.09337092693336627	0.9066290730666337	0.4066290730666337	927
0.10162102077966158	0.8983789792203385	0.39837897922033844	928
0.9114340072732687	0.08856599272673134	-0.4114340072732687	929
0.6445352856140849	0.35546471438591504	-0.14453528561408494	930
0.32323961340932816	0.6767603865906717	0.17676038659067178	931
0.054234243438083	0.945765756561917	0.44576575656191697	932
0.17231022502412804	0.8276897749758719	0.32768977497587193	933
0.9220008731095738	0.07799912689042623	-0.4220008731095738	934
0.24904476844042675	0.7509552315595733	0.2509552315595733	935
0.8797543709292817	0.12024562907071833	-0.37975437092928166	936
0.23129284234004738	0.7687071576599527	0.2687071576599527	937
0.747837918354586	0.25216208164541404	-0.247837918354586	938
0.10803762666983152	0.8919623733301686	0.39196237333016853	939
0.0743479379306517	0.9256520620693482	0.42565206206934825	940
0.04222205602882431	0.9577779439711758	0.4577779439711757	941
0.8718110321605874	0.12818896783941258	-0.3718110321605874	942
0.037138743269820744	0.9628612567301792	0.46286125673017925	943
0.05717363750319885	0.9428263624968012	0.4428263624968012	944
0.1092086068854724	0.8907913931145275	0.39079139311452754	945
0.5785694061252928	0.42143059387470716	-0.07856940612529284	946
0.06101270300926902	0.938987296990731	0.438987296990731	947
0.01234304677410772	0.9876569532258923	0.4876569532258923	948
0.6726819554811029	0.32731804451889707	-0.1726819554811029	949
0.9369487583968789	0.06305124160312116	-0.43694875839687886	950
0.043791916694371595	0.9562080833056285	0.45620808330562845	951
0.8813279006073259	0.11867209939267406	-0.3813279006073259	952
0.9590739516109978	0.04092604838900208	-0.4590739516109979	953
0.9036995020884396	0.09630049791156041	-0.40369950208843963	954
0.9573198627081836	0.04268013729181631	-0.45731986270818364	955
0.7925492915543381	0.20745070844566205	-0.292549291554338	956
0.11121105618840148	0.8887889438115985	0.3887889438115985	957
0.9254937595124597	0.07450624048754025	-0.4254937595124597	958
0.41928871045431076	0.5807112895456892	0.08071128954568921	959
0.913947315975196	0.086052684024804	-0.41394731597519596	960
0.2289242156914187	0.7710757843085814	0.27107578430858137	961
0.888309254619784	0.11169074538021607	-0.388309254619784	962
0.4857000069181456	0.5142999930818545	0.01429999308185445	963
0.7936454983775918	0.20635450162240818	-0.2936454983775918	964
0.6871570926350055	0.31284290736499454	-0.18715709263500546	965
0.8191804299609411	0.18081957003905902	-0.31918042996094104	966
0.7842380114549365	0.21576198854506354	-0.2842380114549365	967
0.20822077055644092	0.7917792294435592	0.2917792294435591	968
0.7382654952453953	0.2617345047546047	-0.2382654952453953	969
0.8872936113470717	0.11270638865292834	-0.3872936113470717	970
0.8643436535833384	0.13565634641666158	-0.3643436535833384	971
0.751000229192897	0.248999770807103	-0.251000229192897	972
0.6569642398024179	0.34303576019758203	-0.15696423980241794	973
0.13937957240141224	0.8606204275985878	0.3606204275985878	974
0.23294107380858808	0.7670589261914119	0.2670589261914119	975
0.9197351189389309	0.0802648810610691	-0.4197351189389309	976
0.6912720000190835	0.30872799998091643	-0.19127200001908354	977
0.9204616576556093	0.0795383423443907	-0.4204616576556093	978
0.0726400141363849	0.9273599858636151	0.4273599858636151	979
0.6719842312321803	0.32801576876781957	-0.17198423123218037	980
0.6537546991101778	0.3462453008898222	-0.1537546991101778	981
0.9601727269970948	0.039827273002905256	-0.46017272699709477	982
0.8660608759074847	0.13393912409251532	-0.3660608759074847	983
0.7822851392975797	0.21771486070242022	-0.28228513929757976	984
0.48271273151565597	0.5172872684843441	0.017287268484344087	985
0.9283248004961276	0.07167519950387237	-0.42832480049612764	986
0.879043883339068	0.1209561166609319	-0.3790438833390681	987
0.3390045749219841	0.6609954250780159	0.1609954250780159	988
0.138439712358915	0.8615602876410849	0.36156028764108494	989
0.8822317625625473	0.1177682374374527	-0.3822317625625473	990
0.08035502539834599	0.9196449746016541	0.41964497460165406	991
0.9161211590884332	0.08387884091156683	-0.41612115908843317	992
0.16695811693910642	0.8330418830608936	0.33304188306089355	993
0.931472100338541	0.06852789966145895	-0.431472100338541	994
0.8955077263737149	0.1044922736262852	-0.39550772637371484	995
0.17967385145090742	0.8203261485490926	0.3203261485490926	996
0.8822955105410011	0.11770448945899906	-0.382295510541001	997
0.41054374897589974	0.5894562510241004	0.08945625102410032	998
0.9242841211611471	0.07571587883885296	-0.42428412116114705	999
0.3291442089328882	0.6708557910671119	0.17085579106711185	1000
