1.6446372650533084e-15	0.9999999999999984	0.4999999999999984	1
0.021302986702431467	0.9786970132975685	0.47869701329756853	2
0.24622197392752151	0.7537780260724785	0.25377802607247846	3
0.9999999999999984	1.6446372650533084e-15	-0.4999999999999984	4
1.0	0.0	-0.5	5
0.3541224856903889	0.645877514309611	0.14587751430961107	6
0.18516173591002816	0.8148382640899718	0.31483826408997184	7
0.9999999999999999	1.530802294098354e-16	-0.4999999999999999	8
0.897045524794339	0.10295447520566108	-0.39704552479433897	9
0.9601960111827594	0.03980398881724065	-0.4601960111827594	10
0.0022549403671171322	0.9977450596328827	0.4977450596328828	11
0.0022600366149112578	0.9977399633850886	0.4977399633850887	12
0.9999999999999998	1.744797801917487e-16	-0.4999999999999998	13
1.0	0.0	-0.5	14
1.0	0.0	-0.5	15
4.434668978373449e-16	0.9999999999999996	0.49999999999999956	16
0.9999999999999996	4.434668978373449e-16	-0.49999999999999956	17
1.0	0.0	-0.5	18
1.0	0.0	-0.5	19
1.0	0.0	-0.5	20
0.944294717039248	0.05570528296075191	-0.44429471703924805	21
1.0	0.0	-0.5	22
0.9478938596193224	0.05210614038067751	-0.44789385961932243	23
0.9999999999999998	2.7786169573843434e-16	-0.4999999999999997	24
1.0	0.0	-0.5	25
0.009128459373661562	0.9908715406263384	0.4908715406263384	26
0.009128459373661562	0.9908715406263384	0.4908715406263384	27
1.0	0.0	-0.5	28
0.9908715406263384	0.009128459373661562	-0.4908715406263384	29
1.0	0.0	-0.5	30
1.0	0.0	-0.5	31
0.0865194375734404	0.9134805624265595	0.41348056242655956	32
0.0865194375734404	0.9134805624265595	0.41348056242655956	33
0.9999999999999934	6.679490212914255e-15	-0.4999999999999934	34
1.0	0.0	-0.5	35
1.0	0.0	-0.5	36
0.5333303354694752	0.4666696645305247	-0.033330335469475225	37
0.5546333221719051	0.44536667782809486	-0.05463332217190511	38
0.6915886517556147	0.3084113482443852	-0.19158865175561474	39
0.5546333221719051	0.44536667782809486	-0.05463332217190511	40
0.22491898722509043	0.7750810127749096	0.2750810127749096	41
1.0	0.0	-0.5	42
1.0	0.0	-0.5	43
1.0	0.0	-0.5	44
1.0	0.0	-0.5	45
1.6446372650533084e-15	0.9999999999999984	0.4999999999999984	46
0.021302986702431467	0.9786970132975685	0.47869701329756853	47
0.9999999999999984	1.6446372650533084e-15	-0.4999999999999984	48
1.0	0.0	-0.5	49
1.0	0.0	-0.5	50
0.8857443167660116	0.11425568323398844	-0.3857443167660116	51
0.8857443167660116	0.11425568323398844	-0.3857443167660116	52
0.8857443167660116	0.11425568323398844	-0.3857443167660116	53
0.9921079839815681	0.007892016018431976	-0.4921079839815681	54
1.0	0.0	-0.5	55
0.5333303354694752	0.4666696645305247	-0.033330335469475225	56
1.0	0.0	-0.5	57
0.5546333221719034	0.4453666778280965	-0.05463332217190345	58
1.0	0.0	-0.5	59
1.0	0.0	-0.5	60
0.6499660963545654	0.35003390364543474	-0.14996609635456531	61
0.6499660963545654	0.35003390364543474	-0.14996609635456531	62
0.8567822032209879	0.1432177967790122	-0.35678220322098786	63
0.15311032128468396	0.8468896787153161	0.34688967871531606	64
0.3599264281511057	0.6400735718488944	0.14007357184889432	65
0.0274848517139692	0.9725151482860308	0.4725151482860308	66
0.9999999999999979	2.121890793280115e-15	-0.4999999999999979	67
0.0274848517139692	0.9725151482860308	0.4725151482860308	68
0.9725151482860329	0.02748485171396708	-0.4725151482860329	69
1.0	0.0	-0.5	70
0.9999999999999984	1.6804355614736724e-15	-0.4999999999999984	71
0.22981472730489028	0.7701852726951097	0.2701852726951097	72
0.22981472730489028	0.7701852726951097	0.2701852726951097	73
0.5449391673041896	0.4550608326958104	-0.04493916730418959	74
1.0	0.0	-0.5	75
1.0	0.0	-0.5	76
0.9615908639982018	0.03840913600179814	-0.4615908639982018	77
0.4439364965727872	0.5560635034272129	0.056063503427212835	78
0.999999999999997	2.965269484013374e-15	-0.499999999999997	79
1.0	0.0	-0.5	80
1.0	0.0	-0.5	81
1.0	0.0	-0.5	82
0.5449391673041888	0.4550608326958111	-0.04493916730418884	83
0.5449391673041888	0.4550608326958111	-0.04493916730418884	84
1.0	0.0	-0.5	85
1.0	0.0	-0.5	86
0.9999999999999969	3.0837122055050214e-15	-0.4999999999999969	87
0.4217254715637017	0.5782745284362983	0.07827452843629831	88
1.0	0.0	-0.5	89
1.0	0.0	-0.5	90
0.0	1.0	0.5	91
6.178178348170412e-16	0.9999999999999994	0.4999999999999994	92
1.0	0.0	-0.5	93
1.0	0.0	-0.5	94
1.0	0.0	-0.5	95
0.5546333221719051	0.44536667782809486	-0.05463332217190511	96
0.5546333221719051	0.44536667782809486	-0.05463332217190511	97
0.5546333221719051	0.44536667782809486	-0.05463332217190511	98
0.9786970132975685	0.021302986702431467	-0.47869701329756853	99
1.0	0.0	-0.5	100
0.5546333221719051	0.44536667782809486	-0.05463332217190511	101
1.0	0.0	-0.5	102
0.24622197392752151	0.7537780260724785	0.25377802607247846	103
0.9786970132975685	0.021302986702431467	-0.47869701329756853	104
1.0	0.0	-0.5	105
0.19957617054783286	0.8004238294521671	0.3004238294521671	106
0.7232208224381202	0.2767791775618798	-0.22322082243812022	107
1.0	0.0	-0.5	108
0.9923927653471979	0.007607234652802047	-0.49239276534719795	109
0.9999999999999994	5.917971282617375e-16	-0.49999999999999944	110
1.0	0.0	-0.5	111
0.8526710265060746	0.14732897349392537	-0.3526710265060746	112
0.862190015614419	0.13780998438558098	-0.362190015614419	113
0.2478313781361476	0.7521686218638524	0.25216862186385236	114
0.2478313781361483	0.7521686218638517	0.2521686218638517	115
0.5546333221719051	0.44536667782809486	-0.05463332217190511	116
0.9999999999999984	1.6446372650533058e-15	-0.4999999999999984	117
0.5546333221719051	0.44536667782809486	-0.05463332217190511	118
0.9999999999999984	1.6446372650533058e-15	-0.4999999999999984	119
0.9786970132975701	0.021302986702429822	-0.47869701329757014	120
1.0	0.0	-0.5	121
1.0	0.0	-0.5	122
0.9999999999999993	6.662145450535066e-16	-0.49999999999999933	123
0.991370522913586	0.008629477086414043	-0.49137052291358596	124
1.0	0.0	-0.5	125
1.6446372650533084e-15	0.9999999999999984	0.4999999999999984	126
0.021302986702431467	0.9786970132975685	0.47869701329756853	127
0.9999999999999984	1.6446372650533084e-15	-0.4999999999999984	128
1.0	0.0	-0.5	129
1.0	0.0	-0.5	130
0.7714647073633716	0.2285352926366285	-0.2714647073633715	131
0.009128459373661562	0.9908715406263384	0.4908715406263384	132
0.9908715406263391	0.009128459373660856	-0.49087154062633914	133
0.9999999999999993	7.047370712922353e-16	-0.49999999999999933	134
0.23766375201029005	0.76233624798971	0.26233624798971	135
0.24622197392752151	0.7537780260724785	0.25377802607247846	136
1.0	0.0	-0.5	137
0.021302986702431467	0.9786970132975685	0.47869701329756853	138
0.24622197392751985	0.75377802607248	0.25377802607248007	139
1.0	0.0	-0.5	140
0.6009596407023566	0.39904035929764325	-0.10095964070235669	141
0.1857472588596349	0.8142527411403652	0.31425274114036517	142
0.9999999999999993	6.705616102269912e-16	-0.49999999999999933	143
0.8814975092507165	0.11850249074928358	-0.38149750925071646	144
1.0	0.0	-0.5	145
0.02085863546841695	0.9791413645315831	0.47914136453158307	146
0.021302986702431435	0.9786970132975686	0.4786970132975686	147
0.9791413645315831	0.020858635468416917	-0.47914136453158307	148
1.0	0.0	-0.5	149
1.0	0.0	-0.5	150
0.7420605740636265	0.2579394259363736	-0.24206057406362644	151
0.0022549402422027526	0.9977450597577971	0.4977450597577972	152
0.9999999999999998	1.744797705044455e-16	-0.4999999999999998	153
1.0	0.0	-0.5	154
0.9999999999999998	1.744797705044455e-16	-0.4999999999999998	155
0.021302986702431467	0.9786970132975685	0.47869701329756853	156
0.021302986702431467	0.9786970132975685	0.47869701329756853	157
0.021302986702429822	0.9786970132975701	0.47869701329757014	158
1.0	0.0	-0.5	159
1.0	0.0	-0.5	160
1.6804355614736724e-15	0.9999999999999984	0.4999999999999984	161
1.6804355614736724e-15	0.9999999999999984	0.4999999999999984	162
0.9999999999999984	1.6804355614736724e-15	-0.4999999999999984	163
1.0	0.0	-0.5	164
1.0	0.0	-0.5	165
0.7240912281167818	0.27590877188321805	-0.2240912281167819	166
0.9999999999999992	8.508232474621829e-16	-0.49999999999999917	167
0.12737847056309554	0.8726215294369044	0.3726215294369044	168
0.2869294855153021	0.7130705144846978	0.21307051448469785	169
1.0	0.0	-0.5	170
1.0	0.0	-0.5	171
0.4439364965727855	0.5560635034272144	0.05606350342721447	172
0.4439364965727855	0.5560635034272144	0.05606350342721447	173
0.9615908639982017	0.038409136001798246	-0.4615908639982017	174
1.0	0.0	-0.5	175
0.24108611952905204	0.7589138804709479	0.25891388047094793	176
0.24622197392752151	0.7537780260724785	0.25377802607247846	177
0.9791413645315846	0.020858635468415338	-0.4791413645315846	178
1.0	0.0	-0.5	179
1.0	0.0	-0.5	180
0.845703659786902	0.1542963402130979	-0.34570365978690204	181
1.0	0.0	-0.5	182
0.9999999999999998	2.5928505709933037e-16	-0.4999999999999998	183
1.0	0.0	-0.5	184
1.0	0.0	-0.5	185
0.9345976118667785	0.06540238813322144	-0.43459761186677853	186
0.9966638894067149	0.003336110593285133	-0.4966638894067149	187
0.9537800162754954	0.04621998372450459	-0.45378001627549536	188
0.8533278354271496	0.1466721645728503	-0.3533278354271497	189
0.8562777030363758	0.14372229696362412	-0.35627770303637585	190
1.0	0.0	-0.5	191
0.9999999999999984	1.6446372650533084e-15	-0.4999999999999984	192
0.5546333221719051	0.44536667782809486	-0.05463332217190511	193
0.9786970132975701	0.021302986702429822	-0.47869701329757014	194
1.0	0.0	-0.5	195
0.4453666778280965	0.5546333221719034	0.05463332217190345	196
0.021302986702429822	0.9786970132975701	0.47869701329757014	197
0.5546333221719051	0.44536667782809486	-0.05463332217190511	198
1.0	0.0	-0.5	199
1.0	0.0	-0.5	200
0.999999999999999	1.001832910124114e-15	-0.499999999999999	201
1.0	0.0	-0.5	202
0.9870232581883405	0.012976741811659486	-0.48702325818834047	203
1.0	0.0	-0.5	204
1.0	0.0	-0.5	205
0.4227954703663613	0.5772045296336387	0.07720452963363869	206
0.056111235948806404	0.9438887640511936	0.4438887640511936	207
0.9951687417941278	0.0048312582058721585	-0.49516874179412784	208
1.0	0.0	-0.5	209
1.0	0.0	-0.5	210
0.8745817534685161	0.125418246531484	-0.374581753468516	211
1.0	0.0	-0.5	212
1.0	0.0	-0.5	213
1.0	0.0	-0.5	214
1.0	0.0	-0.5	215
0.011020713632084058	0.988979286367916	0.488979286367916	216
1.0	0.0	-0.5	217
1.0	0.0	-0.5	218
0.2869294855153013	0.7130705144846986	0.21307051448469866	219
0.9889792863679168	0.011020713632083208	-0.48897928636791677	220
0.9999999999999991	9.77024036109179e-16	-0.49999999999999906	221
1.0	0.0	-0.5	222
1.0	0.0	-0.5	223
9.77024036109179e-16	0.9999999999999991	0.49999999999999906	224
1.0	0.0	-0.5	225
0.42172547156369994	0.5782745284363001	0.07827452843630009	226
0.0	1.0	0.5	227
0.5782745284363001	0.42172547156369994	-0.07827452843630009	228
1.0	0.0	-0.5	229
1.0	0.0	-0.5	230
0.021302986702431467	0.9786970132975685	0.47869701329756853	231
1.6446372650533084e-15	0.9999999999999984	0.4999999999999984	232
0.9999999999999984	1.6446372650533084e-15	-0.4999999999999984	233
1.0	0.0	-0.5	234
1.0	0.0	-0.5	235
0.9999999999999984	1.6446372650533084e-15	-0.4999999999999984	236
0.5546333221719051	0.44536667782809486	-0.05463332217190511	237
0.5546333221719051	0.44536667782809486	-0.05463332217190511	238
0.9786970132975701	0.021302986702429822	-0.47869701329757014	239
1.0	0.0	-0.5	240
0.845703659786902	0.1542963402130979	-0.34570365978690204	241
0.845703659786902	0.1542963402130979	-0.34570365978690204	242
0.9999999999999998	2.592850570993303e-16	-0.4999999999999998	243
0.9999999999999998	2.592850570993303e-16	-0.4999999999999998	244
1.0	0.0	-0.5	245
0.951377452196406	0.048622547803593916	-0.45137745219640607	246
0.04862254780359417	0.9513774521964058	0.4513774521964058	247
0.845703659786902	0.1542963402130979	-0.34570365978690204	248
0.845703659786902	0.1542963402130979	-0.34570365978690204	249
0.9999999999999998	2.5928505709933037e-16	-0.4999999999999998	250
0.0	1.0	0.5	251
1.0	0.0	-0.5	252
1.0	0.0	-0.5	253
1.0	0.0	-0.5	254
1.0	0.0	-0.5	255
0.005228740141253406	0.9947712598587466	0.4947712598587466	256
0.5264026996229269	0.4735973003770731	-0.02640269962292688	257
0.9999999999999997	4.036701991934276e-16	-0.4999999999999996	258
1.0	0.0	-0.5	259
1.0	0.0	-0.5	260
0.009518989108345118	0.9904810108916549	0.49048101089165486	261
0.7616876109721968	0.23831238902780322	-0.26168761097219684	262
0.9904810108916549	0.009518989108345118	-0.49048101089165486	263
1.0	0.0	-0.5	264
1.0	0.0	-0.5	265
0.009518989108345118	0.9904810108916549	0.49048101089165486	266
0.8621900156144183	0.1378099843855817	-0.3621900156144183	267
1.0	0.0	-0.5	268
1.0	0.0	-0.5	269
1.0	0.0	-0.5	270
0.021302986702431467	0.9786970132975685	0.47869701329756853	271
1.6446372650533084e-15	0.9999999999999984	0.4999999999999984	272
0.9999999999999984	1.6446372650533084e-15	-0.4999999999999984	273
1.0	0.0	-0.5	274
1.0	0.0	-0.5	275
0.021302986702431467	0.9786970132975685	0.47869701329756853	276
0.24622197392752151	0.7537780260724785	0.25377802607247846	277
0.9999999999999984	1.6446372650533084e-15	-0.4999999999999984	278
1.0	0.0	-0.5	279
1.0	0.0	-0.5	280
0.5483798329649162	0.45162016703508373	-0.04837983296491624	281
1.0	0.0	-0.5	282
0.45702801214014993	0.5429719878598499	0.042971987859849986	283
0.5483798329649165	0.45162016703508334	-0.0483798329649166	284
0.9429034500611637	0.05709654993883635	-0.44290345006116366	285
0.02085863546841695	0.9791413645315831	0.47914136453158307	286
0.021302986702431467	0.9786970132975685	0.47869701329756853	287
0.9999999999999984	1.6446372650533084e-15	-0.4999999999999984	288
1.0	0.0	-0.5	289
0.9791413645315846	0.020858635468415338	-0.4791413645315846	290
1.0	0.0	-0.5	291
0.5151601795647484	0.48483982043525164	-0.015160179564748355	292
1.0	0.0	-0.5	293
1.0	0.0	-0.5	294
1.0	0.0	-0.5	295
0.011020713632083208	0.9889792863679168	0.48897928636791677	296
0.11635775693101229	0.8836422430689876	0.3836422430689877	297
0.2869294855153021	0.7130705144846978	0.21307051448469785	298
1.0	0.0	-0.5	299
1.0	0.0	-0.5	300
1.6446372650533084e-15	0.9999999999999984	0.4999999999999984	301
0.021302986702431467	0.9786970132975685	0.47869701329756853	302
0.24622197392751985	0.75377802607248	0.25377802607248007	303
1.0	0.0	-0.5	304
1.0	0.0	-0.5	305
0.0018163366355525077	0.9981836633644474	0.49818366336444747	306
0.9620271173947103	0.03797288260528978	-0.46202711739471025	307
0.9981869564618476	0.0018130435381523103	-0.4981869564618477	308
1.0	0.0	-0.5	309
1.0	0.0	-0.5	310
0.9999999999999984	1.6804355614736724e-15	-0.4999999999999984	311
1.0	0.0	-0.5	312
0.5449391673041896	0.4550608326958104	-0.04493916730418959	313
0.5449391673041896	0.4550608326958104	-0.04493916730418959	314
1.0	0.0	-0.5	315
0.5832751443462733	0.4167248556537268	-0.08327514434627323	316
0.19048487234616773	0.8095151276538324	0.3095151276538323	317
0.4167248556537268	0.5832751443462733	0.08327514434627323	318
1.0	0.0	-0.5	319
1.0	0.0	-0.5	320
0.3798262708648907	0.6201737291351093	0.12017372913510929	321
0.004962998869228469	0.9950370011307715	0.49503700113077154	322
1.0	0.0	-0.5	323
1.0	0.0	-0.5	324
0.9950615108468542	0.00493848915314571	-0.49506151084685424	325
0.9012569365445173	0.09874306345548267	-0.40125693654451733	326
1.0	0.0	-0.5	327
0.17075464783567712	0.8292453521643228	0.3292453521643228	328
0.07201158438019498	0.9279884156198049	0.427988415619805	329
1.0	0.0	-0.5	330
1.0	0.0	-0.5	331
0.4453666778280956	0.5546333221719043	0.054633322171904364	332
1.0	0.0	-0.5	333
0.021302986702429857	0.9786970132975701	0.47869701329757014	334
1.0	0.0	-0.5	335
0.8574599534387749	0.14254004656122507	-0.3574599534387749	336
0.8574599534387742	0.14254004656122582	-0.35745995343877424	337
0.9901542899321222	0.00984571006787784	-0.4901542899321222	338
1.0	0.0	-0.5	339
1.0	0.0	-0.5	340
0.9322510051613792	0.06774899483862087	-0.43225100516137915	341
1.0	0.0	-0.5	342
1.0	0.0	-0.5	343
1.0	0.0	-0.5	344
1.0	0.0	-0.5	345
0.944294717039248	0.05570528296075191	-0.44429471703924805	346
0.003599142580074677	0.9964008574199253	0.49640085741992535	347
0.9999999999999998	2.7786169573843434e-16	-0.4999999999999997	348
1.0	0.0	-0.5	349
1.0	0.0	-0.5	350
1.0	0.0	-0.5	351
0.8773875792431339	0.12261242075686607	-0.37738757924313393	352
0.7196890195720881	0.280310980427912	-0.21968901957208803	353
0.8343793984518311	0.165620601548169	-0.33437939845183107	354
1.0	0.0	-0.5	355
0.0	1.0	0.5	356
0.1217862667036837	0.8782137332963164	0.37821373329631636	357
0.8815610107774647	0.1184389892225353	-0.38156101077746474	358
1.0	0.0	-0.5	359
1.0	0.0	-0.5	360
0.02085863546841695	0.9791413645315831	0.47914136453158307	361
0.5923832851304041	0.407616714869596	-0.09238328513040403	362
1.0	0.0	-0.5	363
0.41710712413586853	0.5828928758641314	0.08289287586413144	364
1.0	0.0	-0.5	365
0.021302986702429857	0.9786970132975701	0.47869701329757014	366
0.021302986702429857	0.9786970132975701	0.47869701329757014	367
0.9786970132975701	0.021302986702429857	-0.47869701329757014	368
1.0	0.0	-0.5	369
1.0	0.0	-0.5	370
0.4325380898603704	0.5674619101396297	0.06746191013962963	371
0.9403281973746355	0.05967180262536459	-0.44032819737463547	372
1.0	0.0	-0.5	373
0.5731136678392409	0.42688633216075916	-0.07311366783924086	374
1.0	0.0	-0.5	375
0.021302986702431467	0.9786970132975685	0.47869701329756853	376
0.021302986702431467	0.9786970132975685	0.47869701329756853	377
0.9786970132975701	0.021302986702429822	-0.47869701329757014	378
0.9999999999999984	1.6446372650533084e-15	-0.4999999999999984	379
1.0	0.0	-0.5	380
1.0	0.0	-0.5	381
0.8124694229853683	0.1875305770146318	-0.31246942298536823	382
1.0	0.0	-0.5	383
0.9999999999999993	6.925075239110244e-16	-0.49999999999999933	384
1.0	0.0	-0.5	385
0.003599142580074677	0.9964008574199253	0.49640085741992535	386
0.003599142580074677	0.9964008574199253	0.49640085741992535	387
0.9999999999999998	2.7786169573843434e-16	-0.4999999999999997	388
0.9964008574199256	0.003599142580074399	-0.49640085741992557	389
1.0	0.0	-0.5	390
4.574784066906167e-16	0.9999999999999996	0.49999999999999956	391
0.0	1.0	0.5	392
1.0	0.0	-0.5	393
1.0	0.0	-0.5	394
1.0	0.0	-0.5	395
1.0	0.0	-0.5	396
0.0	1.0	0.5	397
0.007892016018431976	0.9921079839815681	0.4921079839815681	398
1.0	0.0	-0.5	399
1.0	0.0	-0.5	400
0.4140541143503108	0.5859458856496892	0.08594588564968919	401
0.3228728541270756	0.6771271458729244	0.1771271458729244	402
0.9999999999999984	1.6446372650533084e-15	-0.4999999999999984	403
1.0	0.0	-0.5	404
0.9791413645315846	0.020858635468415338	-0.4791413645315846	405
1.0	0.0	-0.5	406
0.021302986702429857	0.9786970132975701	0.47869701329757014	407
1.0	0.0	-0.5	408
0.24622197392752024	0.7537780260724797	0.25377802607247973	409
1.0	0.0	-0.5	410
2.5928505709933037e-16	0.9999999999999998	0.4999999999999998	411
2.5928505709933037e-16	0.9999999999999998	0.4999999999999998	412
1.0	0.0	-0.5	413
0.9999999999999998	2.5928505709933037e-16	-0.4999999999999998	414
1.0	0.0	-0.5	415
0.7383764318165343	0.26162356818346566	-0.23837643181653434	416
0.002920694873648384	0.9970793051263515	0.4970793051263515	417
0.9970793051263519	0.0029206948736481587	-0.49707930512635184	418
1.0	0.0	-0.5	419
0.9999999999999998	2.2548404578894283e-16	-0.4999999999999998	420
0.3084113482443852	0.6915886517556147	0.19158865175561474	421
0.24622197392752151	0.7537780260724785	0.25377802607247846	422
0.9999999999999984	1.6446372650533084e-15	-0.4999999999999984	423
1.0	0.0	-0.5	424
1.0	0.0	-0.5	425
0.8443725777806335	0.15562742221936657	-0.34437257778063346	426
0.9999999999999998	2.3546627298643677e-16	-0.4999999999999998	427
0.8002166582590888	0.1997833417409111	-0.30021665825908883	428
1.0	0.0	-0.5	429
1.0	0.0	-0.5	430
0.009518989108345118	0.9904810108916549	0.49048101089165486	431
0.0	1.0	0.5	432
1.0	0.0	-0.5	433
1.0	0.0	-0.5	434
1.0	0.0	-0.5	435
0.6664096232486978	0.33359037675130215	-0.16640962324869782	436
0.009168682038216679	0.9908313179617834	0.49083131796178336	437
1.0	0.0	-0.5	438
0.9999999999999993	7.078423491554344e-16	-0.49999999999999933	439
1.0	0.0	-0.5	440
1.6804355614736724e-15	0.9999999999999984	0.4999999999999984	441
1.6804355614736724e-15	0.9999999999999984	0.4999999999999984	442
0.22981472730489028	0.7701852726951097	0.2701852726951097	443
0.9999999999999984	1.6804355614736724e-15	-0.4999999999999984	444
1.0	0.0	-0.5	445
0.12737847056309554	0.8726215294369044	0.3726215294369044	446
0.8836422430689886	0.11635775693101147	-0.3836422430689886	447
1.0	0.0	-0.5	448
0.11635775693101147	0.8836422430689886	0.3836422430689886	449
1.0	0.0	-0.5	450
0.3333062399819789	0.6666937600180212	0.16669376001802114	451
0.31075865855256757	0.6892413414474324	0.18924134144743243	452
0.9282402596351359	0.07175974036486402	-0.42824025963513596	453
0.9999999999999998	2.6499230636235107e-16	-0.4999999999999998	454
1.0	0.0	-0.5	455
0.35602373362038076	0.6439762663796192	0.14397626637961924	456
0.35602373362038314	0.6439762663796169	0.14397626637961689	457
0.9691970268043704	0.030802973195629538	-0.4691970268043704	458
1.0	0.0	-0.5	459
1.0	0.0	-0.5	460
0.012976741811660489	0.9870232581883396	0.4870232581883395	461
0.6621443968161123	0.3378556031838877	-0.16214439681611229	462
1.0	0.0	-0.5	463
0.3378556031838877	0.6621443968161123	0.16214439681611229	464
1.0	0.0	-0.5	465
0.007939061403530923	0.992060938596469	0.49206093859646904	466
0.007939061403530928	0.992060938596469	0.49206093859646904	467
0.992060938596469	0.007939061403530923	-0.49206093859646904	468
1.0	0.0	-0.5	469
1.0	0.0	-0.5	470
0.5546333221719051	0.44536667782809486	-0.05463332217190511	471
0.5546333221719051	0.44536667782809486	-0.05463332217190511	472
0.9999999999999984	1.6446372650533084e-15	-0.4999999999999984	473
1.0	0.0	-0.5	474
1.0	0.0	-0.5	475
0.0	1.0	0.5	476
0.7714647073633716	0.2285352926366285	-0.2714647073633715	477
1.0	0.0	-0.5	478
1.0	0.0	-0.5	479
0.23766375201029005	0.76233624798971	0.26233624798971	480
0.75377802607248	0.24622197392751985	-0.25377802607248007	481
0.021302986702431467	0.9786970132975685	0.47869701329756853	482
0.6915886517556147	0.3084113482443852	-0.19158865175561474	483
1.0	0.0	-0.5	484
1.0	0.0	-0.5	485
0.5546333221719051	0.44536667782809486	-0.05463332217190511	486
0.9786970132975701	0.021302986702429822	-0.47869701329757014	487
1.0	0.0	-0.5	488
0.5546333221719034	0.4453666778280965	-0.05463332217190345	489
1.0	0.0	-0.5	490
0.021302986702431435	0.9786970132975686	0.4786970132975686	491
0.021302986702431467	0.9786970132975685	0.47869701329756853	492
0.6771630561745522	0.32283694382544786	-0.17716305617455216	493
1.0	0.0	-0.5	494
1.0	0.0	-0.5	495
0.4439364965727872	0.5560635034272129	0.056063503427212835	496
0.038409136001801104	0.9615908639981989	0.46159086399819893	497
1.0	0.0	-0.5	498
1.0	0.0	-0.5	499
0.9615908639981989	0.038409136001801104	-0.46159086399819893	500
0.25554940913355334	0.7444505908664467	0.2444505908664467	501
1.0	0.0	-0.5	502
1.0	0.0	-0.5	503
1.0	0.0	-0.5	504
1.0	0.0	-0.5	505
0.00862947708641471	0.9913705229135853	0.4913705229135853	506
0.7839569646401557	0.21604303535984418	-0.2839569646401558	507
0.991370522913586	0.008629477086414043	-0.49137052291358596	508
1.0	0.0	-0.5	509
0.9999999999999993	6.662145450535066e-16	-0.49999999999999933	510
0.5449391673041896	0.4550608326958104	-0.04493916730418959	511
0.5449391673041896	0.4550608326958104	-0.04493916730418959	512
0.5449391673041896	0.4550608326958104	-0.04493916730418959	513
1.0	0.0	-0.5	514
0.9999999999999984	1.6804355614736724e-15	-0.4999999999999984	515
0.2298147273048886	0.7701852726951113	0.27018527269511133	516
0.22981472730489028	0.7701852726951097	0.2701852726951097	517
1.0	0.0	-0.5	518
1.0	0.0	-0.5	519
1.0	0.0	-0.5	520
0.20101082316089094	0.7989891768391092	0.29898917683910914	521
0.20101082316089094	0.7989891768391092	0.29898917683910914	522
1.0	0.0	-0.5	523
0.9791413645315846	0.020858635468415373	-0.4791413645315846	524
0.9791413645315846	0.020858635468415373	-0.4791413645315846	525
0.24622197392752151	0.7537780260724785	0.25377802607247846	526
0.5546333221719051	0.44536667782809486	-0.05463332217190511	527
1.0	0.0	-0.5	528
0.6915886517556147	0.3084113482443852	-0.19158865175561474	529
1.0	0.0	-0.5	530
2.7886537197280995e-16	0.9999999999999998	0.4999999999999997	531
1.0	0.0	-0.5	532
0.9999999999999998	2.788653719728099e-16	-0.4999999999999997	533
0.9999999999999998	2.788653719728099e-16	-0.4999999999999997	534
1.0	0.0	-0.5	535
0.8750678156053392	0.1249321843946608	-0.3750678156053392	536
0.00862947708641471	0.9913705229135853	0.4913705229135853	537
0.0	1.0	0.5	538
1.0	0.0	-0.5	539
1.0	0.0	-0.5	540
0.9726662711211193	0.027333728878880772	-0.47266627112111925	541
0.9527322620403266	0.047267737959673456	-0.45273226204032657	542
0.9527322620403266	0.047267737959673456	-0.45273226204032657	543
0.9981119694001234	0.00188803059987668	-0.49811196940012337	544
1.0	0.0	-0.5	545
0.8385037740464285	0.16149622595357152	-0.3385037740464285	546
1.0	0.0	-0.5	547
0.8385037740464278	0.1614962259535721	-0.33850377404642784	548
1.0	0.0	-0.5	549
1.0	0.0	-0.5	550
0.9999999999999984	1.6446372650533084e-15	-0.4999999999999984	551
0.9791413645315846	0.020858635468415338	-0.4791413645315846	552
0.24108611952905368	0.7589138804709462	0.25891388047094627	553
1.0	0.0	-0.5	554
1.0	0.0	-0.5	555
0.021302986702431467	0.9786970132975685	0.47869701329756853	556
0.24622197392752151	0.7537780260724785	0.25377802607247846	557
0.9999999999999984	1.6446372650533084e-15	-0.4999999999999984	558
1.0	0.0	-0.5	559
1.0	0.0	-0.5	560
0.03840913600179814	0.9615908639982018	0.4615908639982018	561
0.4439364965727872	0.5560635034272129	0.056063503427212835	562
0.9615908639982018	0.03840913600179814	-0.4615908639982018	563
1.0	0.0	-0.5	564
1.0	0.0	-0.5	565
0.03840913600179814	0.9615908639982018	0.4615908639982018	566
1.0	0.0	-0.5	567
1.0	0.0	-0.5	568
0.9615908639982018	0.03840913600179814	-0.4615908639982018	569
1.0	0.0	-0.5	570
0.02748485171396708	0.9725151482860329	0.4725151482860329	571
2.1218907932801145e-15	0.9999999999999979	0.4999999999999979	572
1.0	0.0	-0.5	573
1.0	0.0	-0.5	574
1.0	0.0	-0.5	575
0.9442947170392477	0.055705282960752195	-0.4442947170392478	576
0.9619999056800473	0.0380000943199527	-0.46199990568004734	577
0.09370537728070488	0.9062946227192951	0.40629462271929506	578
1.0	0.0	-0.5	579
1.0	0.0	-0.5	580
0.021302986702429822	0.9786970132975701	0.47869701329757014	581
0.021302986702431467	0.9786970132975685	0.47869701329756853	582
0.9786970132975701	0.021302986702429822	-0.47869701329757014	583
1.0	0.0	-0.5	584
1.0	0.0	-0.5	585
0.9999999999999984	1.6446372650533084e-15	-0.4999999999999984	586
0.5333303354694752	0.4666696645305247	-0.033330335469475225	587
0.021302986702431467	0.9786970132975685	0.47869701329756853	588
1.0	0.0	-0.5	589
1.0	0.0	-0.5	590
1.0	0.0	-0.5	591
1.0	0.0	-0.5	592
0.9999999999999984	1.6446372650533084e-15	-0.4999999999999984	593
0.9786970132975701	0.021302986702429822	-0.47869701329757014	594
0.5546333221719051	0.44536667782809486	-0.05463332217190511	595
1.0	0.0	-0.5	596
1.0	0.0	-0.5	597
1.0	0.0	-0.5	598
0.999999999999997	2.965269484013374e-15	-0.499999999999997	599
1.0	0.0	-0.5	600
0.45693557211391644	0.5430644278860836	0.043064427886083556	601
1.0	0.0	-0.5	602
0.24108611952905204	0.7589138804709479	0.25891388047094793	603
0.5546333221719051	0.44536667782809486	-0.05463332217190511	604
1.0	0.0	-0.5	605
0.7616876109721961	0.2383123890278039	-0.26168761097219606	606
0.009518989108345118	0.9904810108916549	0.49048101089165486	607
1.0	0.0	-0.5	608
0.9904810108916556	0.009518989108344382	-0.49048101089165563	609
1.0	0.0	-0.5	610
1.0	0.0	-0.5	611
1.0	0.0	-0.5	612
1.0	0.0	-0.5	613
0.0	1.0	0.5	614
5.332609433522199e-15	0.9999999999999948	0.4999999999999947	615
1.6804355614736724e-15	0.9999999999999984	0.4999999999999984	616
0.0	1.0	0.5	617
1.0	0.0	-0.5	618
1.0	0.0	-0.5	619
1.0	0.0	-0.5	620
0.021302986702429822	0.9786970132975701	0.47869701329757014	621
1.6446372650533084e-15	0.9999999999999984	0.4999999999999984	622
1.0	0.0	-0.5	623
1.0	0.0	-0.5	624
0.6915886517556163	0.30841134824438354	-0.1915886517556164	625
0.9786970132975701	0.021302986702429822	-0.47869701329757014	626
0.24622197392751985	0.75377802607248	0.25377802607248007	627
1.0	0.0	-0.5	628
1.0	0.0	-0.5	629
1.0	0.0	-0.5	630
0.8678438614195019	0.13215613858049818	-0.36784386141950187	631
0.9908715406263391	0.009128459373660856	-0.49087154062633914	632
1.0	0.0	-0.5	633
0.8678438614195012	0.13215613858049888	-0.36784386141950115	634
1.0	0.0	-0.5	635
0.008956999680438995	0.9910430003195609	0.491043000319561	636
0.224242718220522	0.7757572817794781	0.27575728177947806	637
1.0	0.0	-0.5	638
1.0	0.0	-0.5	639
1.0	0.0	-0.5	640
0.24622197392752151	0.7537780260724785	0.25377802607247846	641
0.2462219739275211	0.7537780260724789	0.2537780260724789	642
0.22491898722509165	0.7750810127749083	0.2750810127749083	643
1.0	0.0	-0.5	644
0.9999999999999984	1.6446372650533058e-15	-0.4999999999999984	645
0.4232535063383463	0.5767464936616538	0.07674649366165373	646
0.4232535063383463	0.5767464936616538	0.07674649366165373	647
0.9999999999999996	4.434671064334619e-16	-0.49999999999999956	648
0.994255770514229	0.005744229485771048	-0.494255770514229	649
1.0	0.0	-0.5	650
0.8012666942699476	0.19873330573005246	-0.30126669426994757	651
1.0	0.0	-0.5	652
1.0	0.0	-0.5	653
0.6039981544437714	0.3960018455562286	-0.10399815444377139	654
0.8012666942699476	0.19873330573005246	-0.30126669426994757	655
0.24622197392752151	0.7537780260724785	0.25377802607247846	656
0.021302986702431467	0.9786970132975685	0.47869701329756853	657
1.0	0.0	-0.5	658
0.5333303354694736	0.46666966453052633	-0.03333033546947364	659
1.0	0.0	-0.5	660
0.009518989108345118	0.9904810108916549	0.49048101089165486	661
0.009518989108345118	0.9904810108916549	0.49048101089165486	662
0.9999999999999993	7.348868227681e-16	-0.4999999999999993	663
0.9904810108916556	0.009518989108344382	-0.49048101089165563	664
1.0	0.0	-0.5	665
1.6804355614736724e-15	0.9999999999999984	0.4999999999999984	666
1.0	0.0	-0.5	667
0.9999999999999984	1.6804355614736724e-15	-0.4999999999999984	668
1.0	0.0	-0.5	669
1.0	0.0	-0.5	670
0.021302986702431467	0.9786970132975685	0.47869701329756853	671
0.0	1.0	0.5	672
0.021302986702431467	0.9786970132975685	0.47869701329756853	673
1.0	0.0	-0.5	674
1.0	0.0	-0.5	675
0.24622197392752151	0.7537780260724785	0.25377802607247846	676
0.6702856650531865	0.3297143349468134	-0.17028566505318657	677
1.0	0.0	-0.5	678
0.5546333221719034	0.4453666778280965	-0.05463332217190345	679
1.0	0.0	-0.5	680
3.0837122055050214e-15	0.9999999999999969	0.4999999999999969	681
0.0	1.0	0.5	682
1.0	0.0	-0.5	683
1.0	0.0	-0.5	684
1.0	0.0	-0.5	685
0.6830684057140665	0.3169315942859336	-0.18306840571406643	686
0.9910430003195609	0.008956999680438995	-0.491043000319561	687
0.32588859396637254	0.6741114060336274	0.17411140603362743	688
1.0	0.0	-0.5	689
1.0	0.0	-0.5	690
0.021302986702431467	0.9786970132975685	0.47869701329756853	691
0.021302986702429822	0.9786970132975701	0.47869701329757014	692
0.9786970132975701	0.021302986702429822	-0.47869701329757014	693
1.0	0.0	-0.5	694
1.0	0.0	-0.5	695
0.0	1.0	0.5	696
1.0	0.0	-0.5	697
1.0	0.0	-0.5	698
1.0	0.0	-0.5	699
1.0	0.0	-0.5	700
0.43257139428375496	0.5674286057162449	0.06742860571624495	701
0.005179748974733771	0.9948202510252662	0.4948202510252662	702
0.9250108265484249	0.07498917345157498	-0.425010826548425	703
1.0	0.0	-0.5	704
1.0	0.0	-0.5	705
0.0	1.0	0.5	706
1.6804355614736724e-15	0.9999999999999984	0.4999999999999984	707
1.0	0.0	-0.5	708
1.0	0.0	-0.5	709
1.0	0.0	-0.5	710
0.0	1.0	0.5	711
1.0	0.0	-0.5	712
0.24622197392752151	0.7537780260724785	0.25377802607247846	713
1.0	0.0	-0.5	714
1.0	0.0	-0.5	715
0.24622197392752151	0.7537780260724785	0.25377802607247846	716
0.021302986702431467	0.9786970132975685	0.47869701329756853	717
0.22491898722509165	0.7750810127749083	0.2750810127749083	718
0.9999999999999984	1.6446372650533084e-15	-0.4999999999999984	719
1.0	0.0	-0.5	720
0.9437718427623967	0.05622815723760325	-0.44377184276239673	721
1.0	0.0	-0.5	722
1.0	0.0	-0.5	723
0.76879264848676	0.23120735151323993	-0.26879264848676004	724
1.0	0.0	-0.5	725
7.96167708362574e-16	0.9999999999999992	0.4999999999999992	726
0.5262134849941127	0.4737865150058873	-0.02621348499411269	727
0.32448480478543795	0.675515195214562	0.17551519521456205	728
0.9999999999999992	7.96167708362574e-16	-0.4999999999999992	729
1.0	0.0	-0.5	730
0.00862947708641471	0.9913705229135853	0.4913705229135853	731
0.008629477086414043	0.991370522913586	0.49137052291358596	732
1.0	0.0	-0.5	733
1.0	0.0	-0.5	734
0.7839569646401557	0.21604303535984418	-0.2839569646401558	735
0.021302986702431467	0.9786970132975685	0.47869701329756853	736
0.021302986702431467	0.9786970132975685	0.47869701329756853	737
0.2462219739275211	0.7537780260724789	0.2537780260724789	738
0.9999999999999984	1.6446372650533058e-15	-0.4999999999999984	739
0.9791413645315846	0.020858635468415338	-0.4791413645315846	740
0.021302986702429857	0.9786970132975701	0.47869701329757014	741
0.0	1.0	0.5	742
0.24622197392752024	0.7537780260724797	0.25377802607247973	743
1.0	0.0	-0.5	744
1.0	0.0	-0.5	745
1.0	0.0	-0.5	746
0.22491898722509002	0.7750810127749099	0.2750810127749099	747
0.24622197392752151	0.7537780260724785	0.25377802607247846	748
1.0	0.0	-0.5	749
1.0	0.0	-0.5	750
0.0	1.0	0.5	751
0.0	1.0	0.5	752
1.0	0.0	-0.5	753
1.0	0.0	-0.5	754
1.0	0.0	-0.5	755
1.0	0.0	-0.5	756
0.9999999999999996	4.728815519335301e-16	-0.49999999999999956	757
0.9938747651979429	0.006125234802057002	-0.493874765197943	758
0.5547980178901626	0.4452019821098374	-0.05479801789016259	759
1.0	0.0	-0.5	760
0.12271758928718743	0.8772824107128125	0.37728241071281254	761
1.0	0.0	-0.5	762
0.9911225159414366	0.008877484058563334	-0.49112251594143663	763
0.23319971790096153	0.7668002820990384	0.26680028209903844	764
1.0	0.0	-0.5	765
0.233199717900961	0.766800282099039	0.26680028209903905	766
1.0	0.0	-0.5	767
0.9910430003195609	0.008956999680438995	-0.491043000319561	768
1.0	0.0	-0.5	769
0.008956999680438995	0.9910430003195609	0.491043000319561	770
0.6751211386277728	0.3248788613722272	-0.1751211386277728	771
1.001832910124114e-15	0.999999999999999	0.499999999999999	772
1.0	0.0	-0.5	773
1.0	0.0	-0.5	774
0.33785560318388674	0.6621443968161133	0.16214439681611326	775
0.5546333221719034	0.4453666778280965	-0.05463332217190345	776
0.24622197392752151	0.7537780260724785	0.25377802607247846	777
1.0	0.0	-0.5	778
0.9786970132975701	0.021302986702429822	-0.47869701329757014	779
1.0	0.0	-0.5	780
1.6446372650533084e-15	0.9999999999999984	0.4999999999999984	781
1.0	0.0	-0.5	782
1.0	0.0	-0.5	783
0.021302986702429822	0.9786970132975701	0.47869701329757014	784
1.0	0.0	-0.5	785
0.5546333221719051	0.44536667782809486	-0.05463332217190511	786
0.9999999999999984	1.6446372650533084e-15	-0.4999999999999984	787
0.9786970132975701	0.021302986702429822	-0.47869701329757014	788
0.6915886517556163	0.30841134824438354	-0.1915886517556164	789
1.0	0.0	-0.5	790
0.22981472730489028	0.7701852726951097	0.2701852726951097	791
1.6804355614736724e-15	0.9999999999999984	0.4999999999999984	792
0.9999999999999984	1.6804355614736724e-15	-0.4999999999999984	793
1.0	0.0	-0.5	794
1.0	0.0	-0.5	795
0.021302986702431467	0.9786970132975685	0.47869701329756853	796
0.021302986702429822	0.9786970132975701	0.47869701329757014	797
0.24622197392752151	0.7537780260724785	0.25377802607247846	798
0.9786970132975701	0.021302986702429822	-0.47869701329757014	799
1.0	0.0	-0.5	800
0.845703659786902	0.1542963402130979	-0.34570365978690204	801
0.048622547803593916	0.951377452196406	0.45137745219640607	802
0.951377452196406	0.048622547803593916	-0.45137745219640607	803
1.0	0.0	-0.5	804
1.0	0.0	-0.5	805
0.4596398132254563	0.5403601867745437	0.0403601867745437	806
0.005744226783825518	0.9942557732161744	0.4942557732161745	807
0.9942557732161744	0.005744226783825518	-0.4942557732161745	808
1.0	0.0	-0.5	809
1.0	0.0	-0.5	810
0.8678438614195019	0.13215613858049818	-0.36784386141950187	811
7.047370712922353e-16	0.9999999999999993	0.49999999999999933	812
0.8678438614195019	0.13215613858049818	-0.36784386141950187	813
0.9999999999999993	7.047370712922353e-16	-0.49999999999999933	814
1.0	0.0	-0.5	815
0.554114384292332	0.44588561570766805	-0.05411438429233195	816
0.9927596660009746	0.0072403339990253345	-0.49275966600097465	817
0.6305585286266294	0.3694414713733706	-0.13055852862662942	818
0.9999999999999994	5.58969654000268e-16	-0.49999999999999944	819
0.6305585286266294	0.3694414713733706	-0.13055852862662942	820
1.0	0.0	-0.5	821
0.9921079839815686	0.007892016018431368	-0.49210798398156863	822
0.9999999999999994	6.09280934247094e-16	-0.49999999999999944	823
1.0	0.0	-0.5	824
1.0	0.0	-0.5	825
1.0	0.0	-0.5	826
0.5546333221719051	0.44536667782809486	-0.05463332217190511	827
1.0	0.0	-0.5	828
0.22491898722509165	0.7750810127749083	0.2750810127749083	829
0.9999999999999984	1.6446372650533084e-15	-0.4999999999999984	830
0.4550608326958121	0.5449391673041879	0.0449391673041879	831
0.9999999999999984	1.6804355614736724e-15	-0.4999999999999984	832
1.0	0.0	-0.5	833
1.0	0.0	-0.5	834
0.5449391673041896	0.4550608326958104	-0.04493916730418959	835
0.6915886517556159	0.3084113482443841	-0.1915886517556159	836
0.5546333221719043	0.4453666778280956	-0.054633322171904364	837
1.0	0.0	-0.5	838
1.0	0.0	-0.5	839
1.0	0.0	-0.5	840
0.425393384062377	0.574606615937623	0.074606615937623	841
0.42539338406237914	0.5746066159376209	0.07460661593762086	842
0.9725151482860329	0.02748485171396708	-0.4725151482860329	843
1.0	0.0	-0.5	844
1.0	0.0	-0.5	845
1.0	0.0	-0.5	846
0.12264064324316547	0.8773593567568345	0.3773593567568345	847
1.0	0.0	-0.5	848
0.8773593567568345	0.12264064324316547	-0.3773593567568345	849
1.0	0.0	-0.5	850
0.1739154783141346	0.8260845216858654	0.32608452168586544	851
0.00793906140353032	0.9920609385964697	0.4920609385964697	852
1.0	0.0	-0.5	853
0.8340235830893958	0.16597641691060425	-0.3340235830893958	854
1.0	0.0	-0.5	855
0.32971433494681507	0.6702856650531849	0.1702856650531849	856
0.0	1.0	0.5	857
1.0	0.0	-0.5	858
0.6915886517556163	0.30841134824438354	-0.1915886517556164	859
1.0	0.0	-0.5	860
0.4439364965727872	0.5560635034272129	0.056063503427212835	861
0.038409136001801104	0.9615908639981989	0.46159086399819893	862
0.038409136001801104	0.9615908639981989	0.46159086399819893	863
0.9615908639981989	0.038409136001801104	-0.46159086399819893	864
1.0	0.0	-0.5	865
0.24622197392752151	0.7537780260724785	0.25377802607247846	866
0.24622197392752151	0.7537780260724785	0.25377802607247846	867
0.9999999999999984	1.6446372650533084e-15	-0.4999999999999984	868
0.9786970132975701	0.021302986702429822	-0.47869701329757014	869
1.0	0.0	-0.5	870
0.021302986702429857	0.9786970132975701	0.47869701329757014	871
0.021302986702429857	0.9786970132975701	0.47869701329757014	872
0.24622197392752024	0.7537780260724797	0.25377802607247973	873
1.0	0.0	-0.5	874
0.9786970132975701	0.021302986702429857	-0.47869701329757014	875
0.021302986702431467	0.9786970132975685	0.47869701329756853	876
0.24622197392751985	0.75377802607248	0.25377802607248007	877
1.0	0.0	-0.5	878
1.0	0.0	-0.5	879
1.0	0.0	-0.5	880
1.0	0.0	-0.5	881
1.0	0.0	-0.5	882
0.8420147929437564	0.15798520705624358	-0.34201479294375636	883
0.15798520705624358	0.8420147929437564	0.34201479294375636	884
1.0	0.0	-0.5	885
0.10888311874681249	0.8911168812531876	0.39111688125318755	886
0.6350966037409244	0.3649033962590756	-0.1350966037409244	887
1.0	0.0	-0.5	888
0.4737865150058873	0.5262134849941127	0.02621348499411269	889
1.0	0.0	-0.5	890
1.0	0.0	-0.5	891
0.5546333221719034	0.4453666778280965	-0.05463332217190345	892
0.5546333221719051	0.44536667782809486	-0.05463332217190511	893
0.6915886517556165	0.3084113482443836	-0.19158865175561643	894
1.0	0.0	-0.5	895
0.011020713632084058	0.988979286367916	0.488979286367916	896
0.0	1.0	0.5	897
1.0	0.0	-0.5	898
1.0	0.0	-0.5	899
1.0	0.0	-0.5	900
0.009518989108345118	0.9904810108916549	0.49048101089165486	901
0.009518989108345118	0.9904810108916549	0.49048101089165486	902
0.009518989108345118	0.9904810108916549	0.49048101089165486	903
1.0	0.0	-0.5	904
0.9904810108916549	0.009518989108345118	-0.49048101089165486	905
0.24622197392752151	0.7537780260724785	0.25377802607247846	906
0.22491898722509002	0.7750810127749099	0.2750810127749099	907
0.5546333221719051	0.44536667782809486	-0.05463332217190511	908
1.0	0.0	-0.5	909
1.0	0.0	-0.5	910
0.4204574600526481	0.5795425399473519	0.07954253994735191	911
0.5795425399473519	0.4204574600526481	-0.07954253994735191	912
0.10352586576671452	0.8964741342332855	0.3964741342332855	913
1.0	0.0	-0.5	914
1.0	0.0	-0.5	915
0.021302986702429822	0.9786970132975701	0.47869701329757014	916
0.24622197392752151	0.7537780260724785	0.25377802607247846	917
1.0	0.0	-0.5	918
1.0	0.0	-0.5	919
1.0	0.0	-0.5	920
1.0	0.0	-0.5	921
1.0	0.0	-0.5	922
0.5546333221719051	0.44536667782809486	-0.05463332217190511	923
0.5546333221719051	0.44536667782809486	-0.05463332217190511	924
0.22491898722509002	0.7750810127749099	0.2750810127749099	925
0.5333303354694752	0.4666696645305247	-0.033330335469475225	926
0.24622197392752151	0.7537780260724785	0.25377802607247846	927
0.9999999999999984	1.6446372650533084e-15	-0.4999999999999984	928
1.0	0.0	-0.5	929
1.0	0.0	-0.5	930
0.7750810127749096	0.22491898722509043	-0.2750810127749096	931
0.24622197392752024	0.7537780260724797	0.25377802607247973	932
0.22491898722509043	0.7750810127749096	0.2750810127749096	933
1.0	0.0	-0.5	934
1.0	0.0	-0.5	935
0.7750810127749096	0.22491898722509043	-0.2750810127749096	936
0.22491898722509043	0.7750810127749096	0.2750810127749096	937
0.24622197392752024	0.7537780260724797	0.25377802607247973	938
1.0	0.0	-0.5	939
1.0	0.0	-0.5	940
0.06461043529050009	0.9353895647094999	0.43538956470949985	941
0.06461043529050009	0.9353895647094999	0.43538956470949985	942
0.9353895647094999	0.06461043529050009	-0.43538956470949985	943
1.0	0.0	-0.5	944
1.0	0.0	-0.5	945
0.22981472730489028	0.7701852726951097	0.2701852726951097	946
1.6804355614736724e-15	0.9999999999999984	0.4999999999999984	947
1.0	0.0	-0.5	948
0.9999999999999984	1.6804355614736724e-15	-0.4999999999999984	949
1.0	0.0	-0.5	950
0.425393384062377	0.574606615937623	0.074606615937623	951
0.0274848517139692	0.9725151482860308	0.4725151482860308	952
1.0	0.0	-0.5	953
0.9725151482860329	0.02748485171396708	-0.4725151482860329	954
1.0	0.0	-0.5	955
0.012976741811660489	0.9870232581883396	0.4870232581883395	956
0.6751211386277728	0.3248788613722272	-0.1751211386277728	957
0.14998643282494092	0.850013567175059	0.35001356717505905	958
0.33785560318388674	0.6621443968161133	0.16214439681611326	959
1.0	0.0	-0.5	960
0.4172440452612514	0.5827559547387486	0.08275595473874861	961
0.6575304284178869	0.3424695715821131	-0.1575304284178869	962
0.9999999999999992	7.880408320547365e-16	-0.4999999999999992	963
1.0	0.0	-0.5	964
1.0	0.0	-0.5	965
0.24622197392751985	0.75377802607248	0.25377802607248007	966
1.0	0.0	-0.5	967
1.0	0.0	-0.5	968
0.24622197392752151	0.7537780260724785	0.25377802607247846	969
0.9786970132975701	0.021302986702429822	-0.47869701329757014	970
0.0	1.0	0.5	971
0.021302986702431467	0.9786970132975685	0.47869701329756853	972
0.24622197392752151	0.7537780260724785	0.25377802607247846	973
1.0	0.0	-0.5	974
1.0	0.0	-0.5	975
7.601103969470863e-16	0.9999999999999992	0.4999999999999992	976
0.7535079974096999	0.24649200259030013	-0.25350799740969987	977
0.9999999999999992	7.601103969470863e-16	-0.4999999999999992	978
1.0	0.0	-0.5	979
1.0	0.0	-0.5	980
0.021302986702429857	0.9786970132975701	0.47869701329757014	981
0.021302986702429857	0.9786970132975701	0.47869701329757014	982
1.0	0.0	-0.5	983
0.9786970132975701	0.021302986702429857	-0.47869701329757014	984
1.0	0.0	-0.5	985
0.8678438614195019	0.13215613858049818	-0.36784386141950187	986
1.0	0.0	-0.5	987
0.8587154020458403	0.14128459795415976	-0.3587154020458403	988
1.0	0.0	-0.5	989
1.0	0.0	-0.5	990
0.2298147273048886	0.7701852726951113	0.27018527269511133	991
0.22981472730489028	0.7701852726951097	0.2701852726951097	992
1.0	0.0	-0.5	993
1.0	0.0	-0.5	994
1.0	0.0	-0.5	995
1.0	0.0	-0.5	996
0.40552736057098904	0.594472639429011	0.09447263942901096	997
0.4439364965727842	0.5560635034272158	0.05606350342721578	998
1.0	0.0	-0.5	999
1.0	0.0	-0.5	1000
0.9999999999999993	7.348868227681e-16	-0.4999999999999993	1001
0.9904810108916556	0.009518989108344382	-0.49048101089165563	1002
1.0	0.0	-0.5	1003
1.0	0.0	-0.5	1004
1.0	0.0	-0.5	1005
0.3084113482443852	0.6915886517556147	0.19158865175561474	1006
0.9999999999999984	1.6446372650533084e-15	-0.4999999999999984	1007
0.6915886517556165	0.3084113482443836	-0.19158865175561643	1008
0.021302986702431467	0.9786970132975685	0.47869701329756853	1009
1.0	0.0	-0.5	1010
0.9999999999999992	8.482920107481986e-16	-0.49999999999999917	1011
1.0	0.0	-0.5	1012
0.1700642701632283	0.8299357298367717	0.32993572983677166	1013
1.0	0.0	-0.5	1014
0.9890120734773934	0.010987926522606542	-0.48901207347739345	1015
0.743662287341822	0.256337712658178	-0.24366228734182202	1016
0.8574599534387749	0.14254004656122507	-0.3574599534387749	1017
0.9999999999999992	7.601103969470863e-16	-0.4999999999999992	1018
1.0	0.0	-0.5	1019
1.0	0.0	-0.5	1020
0.24622197392752151	0.7537780260724785	0.25377802607247846	1021
0.24622197392751985	0.75377802607248	0.25377802607248007	1022
1.0	0.0	-0.5	1023
1.0	0.0	-0.5	1024
1.0	0.0	-0.5	1025
6.977497514732205e-16	0.9999999999999993	0.49999999999999933	1026
0.9045764249827891	0.09542357501721097	-0.40457642498278906	1027
0.22626941328299138	0.7737305867170087	0.2737305867170087	1028
0.9999999999999993	6.977497514732205e-16	-0.49999999999999933	1029
1.0	0.0	-0.5	1030
1.0	0.0	-0.5	1031
0.008665407806233401	0.9913345921937666	0.49133459219376663	1032
0.9913345921937666	0.008665407806233401	-0.49133459219376663	1033
1.0	0.0	-0.5	1034
1.0	0.0	-0.5	1035
0.0	1.0	0.5	1036
0.0	1.0	0.5	1037
0.229814727304889	0.770185272695111	0.27018527269511095	1038
1.0	0.0	-0.5	1039
1.0	0.0	-0.5	1040
0.24622197392751985	0.75377802607248	0.25377802607248007	1041
1.0	0.0	-0.5	1042
1.0	0.0	-0.5	1043
1.0	0.0	-0.5	1044
1.0	0.0	-0.5	1045
0.8326953411295265	0.16730465887047352	-0.3326953411295265	1046
0.8326953411295265	0.16730465887047352	-0.3326953411295265	1047
0.7168387717484511	0.28316122825154877	-0.21683877174845118	1048
1.0	0.0	-0.5	1049
1.0	0.0	-0.5	1050
0.021302986702431467	0.9786970132975685	0.47869701329756853	1051
0.021302986702429822	0.9786970132975701	0.47869701329757014	1052
1.0	0.0	-0.5	1053
0.22491898722509165	0.7750810127749083	0.2750810127749083	1054
1.0	0.0	-0.5	1055
0.24622197392752151	0.7537780260724785	0.25377802607247846	1056
0.5546333221719051	0.44536667782809486	-0.05463332217190511	1057
0.9786970132975701	0.021302986702429822	-0.47869701329757014	1058
0.9999999999999984	1.6446372650533084e-15	-0.4999999999999984	1059
1.0	0.0	-0.5	1060
1.0	0.0	-0.5	1061
0.9134805624265663	0.08651943757343374	-0.4134805624265663	1062
0.0865194375734404	0.9134805624265595	0.41348056242655956	1063
0.9999999999999934	6.679490212914255e-15	-0.4999999999999934	1064
1.0	0.0	-0.5	1065
0.3297143349468134	0.6702856650531865	0.17028566505318657	1066
0.021302986702431467	0.9786970132975685	0.47869701329756853	1067
0.24622197392752151	0.7537780260724785	0.25377802607247846	1068
0.6702856650531865	0.3297143349468134	-0.17028566505318657	1069
1.0	0.0	-0.5	1070
0.7616876109721968	0.23831238902780322	-0.26168761097219684	1071
0.0	1.0	0.5	1072
1.0	0.0	-0.5	1073
1.0	0.0	-0.5	1074
1.0	0.0	-0.5	1075
0.24622197392752151	0.7537780260724785	0.25377802607247846	1076
1.0	0.0	-0.5	1077
0.22491898722509002	0.7750810127749099	0.2750810127749099	1078
1.0	0.0	-0.5	1079
1.0	0.0	-0.5	1080
1.0	0.0	-0.5	1081
0.9999999999999984	1.6446372650533084e-15	-0.4999999999999984	1082
0.24622197392752151	0.7537780260724785	0.25377802607247846	1083
0.22491898722509165	0.7750810127749083	0.2750810127749083	1084
1.0	0.0	-0.5	1085
0.23766375201029005	0.76233624798971	0.26233624798971	1086
0.9908715406263391	0.009128459373660856	-0.49087154062633914	1087
1.0	0.0	-0.5	1088
1.0	0.0	-0.5	1089
1.0	0.0	-0.5	1090
7.348868227681e-16	0.9999999999999993	0.4999999999999993	1091
0.862190015614419	0.13780998438558098	-0.362190015614419	1092
0.9999999999999993	7.348868227681e-16	-0.4999999999999993	1093
1.0	0.0	-0.5	1094
1.0	0.0	-0.5	1095
0.22626941328299138	0.7737305867170087	0.2737305867170087	1096
6.977497514732205e-16	0.9999999999999993	0.49999999999999933	1097
0.9999999999999993	6.977497514732205e-16	-0.49999999999999933	1098
1.0	0.0	-0.5	1099
0.09542357501721166	0.9045764249827885	0.4045764249827884	1100
0.011020713632084058	0.988979286367916	0.488979286367916	1101
0.011020713632084058	0.988979286367916	0.488979286367916	1102
0.9999999999999992	8.508232474621829e-16	-0.49999999999999917	1103
1.0	0.0	-0.5	1104
1.0	0.0	-0.5	1105
0.06461043529049512	0.9353895647095049	0.43538956470950485	1106
4.988067216788129e-15	0.9999999999999951	0.49999999999999506	1107
1.0	0.0	-0.5	1108
1.0	0.0	-0.5	1109
1.0	0.0	-0.5	1110
0.021302986702429857	0.9786970132975701	0.47869701329757014	1111
0.021302986702429857	0.9786970132975701	0.47869701329757014	1112
1.0	0.0	-0.5	1113
1.0	0.0	-0.5	1114
0.9786970132975701	0.021302986702429857	-0.47869701329757014	1115
0.4217254715637017	0.5782745284362983	0.07827452843629831	1116
1.0	0.0	-0.5	1117
1.0	0.0	-0.5	1118
0.9999999999999969	3.0837122055050214e-15	-0.4999999999999969	1119
1.0	0.0	-0.5	1120
0.8678438614195018	0.13215613858049827	-0.36784386141950176	1121
0.10550761342979124	0.8944923865702088	0.3944923865702088	1122
0.8678438614195018	0.13215613858049827	-0.36784386141950176	1123
1.0	0.0	-0.5	1124
0.9908715406263391	0.009128459373660863	-0.4908715406263391	1125
0.5546333221719043	0.4453666778280956	-0.054633322171904364	1126
1.0	0.0	-0.5	1127
1.0	0.0	-0.5	1128
0.5546333221719043	0.4453666778280956	-0.054633322171904364	1129
1.0	0.0	-0.5	1130
0.9999999999999984	1.6446372650533084e-15	-0.4999999999999984	1131
0.5546333221719051	0.44536667782809486	-0.05463332217190511	1132
0.24622197392752151	0.7537780260724785	0.25377802607247846	1133
1.0	0.0	-0.5	1134
1.0	0.0	-0.5	1135
0.8168213111803214	0.18317868881967844	-0.3168213111803215	1136
1.0	0.0	-0.5	1137
1.0	0.0	-0.5	1138
1.0	0.0	-0.5	1139
1.0	0.0	-0.5	1140
1.0	0.0	-0.5	1141
1.0	0.0	-0.5	1142
1.0	0.0	-0.5	1143
0.9999999999999993	7.112295008965183e-16	-0.49999999999999933	1144
1.0	0.0	-0.5	1145
0.04159923690002738	0.9584007630999727	0.45840076309997263	1146
1.0	0.0	-0.5	1147
1.0	0.0	-0.5	1148
0.09370537728070462	0.9062946227192954	0.4062946227192954	1149
0.944294717039248	0.05570528296075191	-0.44429471703924805	1150
1.0	0.0	-0.5	1151
4.988067216788129e-15	0.9999999999999951	0.49999999999999506	1152
1.0	0.0	-0.5	1153
0.9999999999999951	4.988067216788129e-15	-0.49999999999999506	1154
1.0	0.0	-0.5	1155
1.0	0.0	-0.5	1156
0.9999999999999998	2.7786169573843434e-16	-0.4999999999999997	1157
1.0	0.0	-0.5	1158
0.09370537728070488	0.9062946227192951	0.40629462271929506	1159
1.0	0.0	-0.5	1160
0.6085023331773702	0.39149766682262976	-0.10850233317737024	1161
0.8485175894192788	0.15148241058072115	-0.3485175894192788	1162
0.8485175894192788	0.15148241058072115	-0.3485175894192788	1163
1.0	0.0	-0.5	1164
0.6085023331773702	0.39149766682262976	-0.10850233317737024	1165
2.121890793280115e-15	0.9999999999999979	0.4999999999999979	1166
0.9999999999999979	2.121890793280115e-15	-0.4999999999999979	1167
1.0	0.0	-0.5	1168
0.42539338406237914	0.5746066159376209	0.07460661593762086	1169
1.0	0.0	-0.5	1170
0.24622197392752151	0.7537780260724785	0.25377802607247846	1171
0.24622197392751985	0.75377802607248	0.25377802607248007	1172
0.9786970132975701	0.021302986702429822	-0.47869701329757014	1173
1.0	0.0	-0.5	1174
1.0	0.0	-0.5	1175
0.011952251040788571	0.9880477489592115	0.4880477489592115	1176
0.01195225104078949	0.9880477489592104	0.4880477489592105	1177
1.0	0.0	-0.5	1178
0.8269627677313205	0.17303723226867945	-0.3269627677313205	1179
1.0	0.0	-0.5	1180
2.1818588605223775e-15	0.9999999999999978	0.4999999999999978	1181
0.9999999999999978	2.1818588605223775e-15	-0.4999999999999978	1182
1.0	0.0	-0.5	1183
1.0	0.0	-0.5	1184
1.0	0.0	-0.5	1185
0.24622197392752151	0.7537780260724785	0.25377802607247846	1186
0.5546333221719034	0.4453666778280965	-0.05463332217190345	1187
1.0	0.0	-0.5	1188
1.0	0.0	-0.5	1189
1.0	0.0	-0.5	1190
0.9098937652993697	0.09010623470063021	-0.40989376529936977	1191
0.003599142580074677	0.9964008574199253	0.49640085741992535	1192
1.0	0.0	-0.5	1193
0.09370537728070462	0.9062946227192954	0.4062946227192954	1194
0.9964008574199256	0.003599142580074399	-0.49640085741992557	1195
0.9664174192785913	0.033582580721408795	-0.46641741927859126	1196
0.16547960926719354	0.8345203907328065	0.3345203907328065	1197
0.8345203907328065	0.16547960926719354	-0.3345203907328065	1198
1.0	0.0	-0.5	1199
1.0	0.0	-0.5	1200
0.20547236517014855	0.7945276348298516	0.2945276348298515	1201
0.8857443167660116	0.11425568323398841	-0.3857443167660116	1202
1.0	0.0	-0.5	1203
0.9921079839815686	0.007892016018431366	-0.49210798398156863	1204
0.20547236517014797	0.7945276348298521	0.29452763482985206	1205
0.42544752291555515	0.5745524770844448	0.07455247708444482	1206
0.8416030339599602	0.15839696604003983	-0.34160303395996017	1207
0.4762014430311554	0.5237985569688446	0.023798556968844586	1208
0.5041670858999128	0.49583291410008723	-0.00416708589991277	1209
0.9999999999999997	3.8864855180837264e-16	-0.4999999999999996	1210
0.021302986702431467	0.9786970132975685	0.47869701329756853	1211
0.021302986702429822	0.9786970132975701	0.47869701329757014	1212
1.0	0.0	-0.5	1213
1.0	0.0	-0.5	1214
1.0	0.0	-0.5	1215
0.021302986702431467	0.9786970132975685	0.47869701329756853	1216
0.021302986702431467	0.9786970132975685	0.47869701329756853	1217
0.24622197392752151	0.7537780260724785	0.25377802607247846	1218
0.9999999999999984	1.6446372650533084e-15	-0.4999999999999984	1219
1.0	0.0	-0.5	1220
0.6915886517556159	0.3084113482443841	-0.1915886517556159	1221
1.0	0.0	-0.5	1222
1.0	0.0	-0.5	1223
1.0	0.0	-0.5	1224
0.22491898722509043	0.7750810127749096	0.2750810127749096	1225
1.0	0.0	-0.5	1226
1.0	0.0	-0.5	1227
7.720219178776438e-14	0.9999999999999227	0.4999999999999228	1228
1.0	0.0	-0.5	1229
0.9999999999999227	7.720219178776438e-14	-0.4999999999999228	1230
1.0	0.0	-0.5	1231
0.11379766609695369	0.8862023339030464	0.38620233390304637	1232
0.8574599534387749	0.14254004656122507	-0.3574599534387749	1233
0.9999999999999992	7.601103969470863e-16	-0.4999999999999992	1234
0.9901542899321222	0.00984571006787784	-0.4901542899321222	1235
0.021302986702431467	0.9786970132975685	0.47869701329756853	1236
0.021302986702431467	0.9786970132975685	0.47869701329756853	1237
1.0	0.0	-0.5	1238
0.9786970132975685	0.021302986702431467	-0.47869701329756853	1239
1.0	0.0	-0.5	1240
0.021302986702431467	0.9786970132975685	0.47869701329756853	1241
0.46666966453052633	0.5333303354694736	0.03333033546947364	1242
0.5333303354694752	0.4666696645305247	-0.033330335469475225	1243
0.9999999999999984	1.6446372650533084e-15	-0.4999999999999984	1244
1.0	0.0	-0.5	1245
0.46073567302359675	0.5392643269764033	0.03926432697640325	1246
0.46073567302359675	0.5392643269764033	0.03926432697640325	1247
1.0	0.0	-0.5	1248
1.0	0.0	-0.5	1249
0.545284528314827	0.45471547168517296	-0.045284528314827016	1250
0.021302986702429822	0.9786970132975701	0.47869701329757014	1251
0.021302986702431467	0.9786970132975685	0.47869701329756853	1252
0.9786970132975701	0.021302986702429822	-0.47869701329757014	1253
1.0	0.0	-0.5	1254
1.0	0.0	-0.5	1255
0.021302986702431467	0.9786970132975685	0.47869701329756853	1256
0.22491898722509165	0.7750810127749083	0.2750810127749083	1257
1.0	0.0	-0.5	1258
1.0	0.0	-0.5	1259
0.9999999999999984	1.6446372650533084e-15	-0.4999999999999984	1260
0.021302986702431467	0.9786970132975685	0.47869701329756853	1261
0.021302986702431467	0.9786970132975685	0.47869701329756853	1262
0.9999999999999984	1.6446372650533084e-15	-0.4999999999999984	1263
0.9786970132975701	0.021302986702429822	-0.47869701329757014	1264
1.0	0.0	-0.5	1265
0.03800009431995297	0.961999905680047	0.461999905680047	1266
1.0	0.0	-0.5	1267
1.0	0.0	-0.5	1268
0.9478938596193224	0.05210614038067751	-0.44789385961932243	1269
0.9999999999999998	2.7786169573843434e-16	-0.4999999999999997	1270
0.10395195602907582	0.8960480439709243	0.39604804397092425	1271
0.8574599534387749	0.14254004656122507	-0.3574599534387749	1272
0.8574599534387742	0.14254004656122582	-0.35745995343877424	1273
1.0	0.0	-0.5	1274
1.0	0.0	-0.5	1275
1.0	0.0	-0.5	1276
0.20624168150953634	0.7937583184904635	0.2937583184904636	1277
0.24939657449795144	0.7506034255020486	0.2506034255020486	1278
0.956845107011585	0.043154892988415045	-0.456845107011585	1279
0.7937583184904635	0.20624168150953634	-0.2937583184904636	1280
0.12737847056309554	0.8726215294369044	0.3726215294369044	1281
0.011020713632084058	0.988979286367916	0.488979286367916	1282
0.011020713632084058	0.988979286367916	0.488979286367916	1283
0.9999999999999992	8.508232474621829e-16	-0.49999999999999917	1284
0.9889792863679168	0.011020713632083208	-0.48897928636791677	1285
0.021302986702431467	0.9786970132975685	0.47869701329756853	1286
0.021302986702431467	0.9786970132975685	0.47869701329756853	1287
0.9999999999999984	1.6446372650533084e-15	-0.4999999999999984	1288
1.0	0.0	-0.5	1289
1.0	0.0	-0.5	1290
0.24622197392751985	0.75377802607248	0.25377802607248007	1291
1.0	0.0	-0.5	1292
1.0	0.0	-0.5	1293
0.22491898722509165	0.7750810127749083	0.2750810127749083	1294
1.0	0.0	-0.5	1295
0.021302986702431467	0.9786970132975685	0.47869701329756853	1296
0.021302986702431467	0.9786970132975685	0.47869701329756853	1297
0.9786970132975685	0.021302986702431467	-0.47869701329756853	1298
0.24622197392752151	0.7537780260724785	0.25377802607247846	1299
1.0	0.0	-0.5	1300
0.32971433494681507	0.6702856650531849	0.1702856650531849	1301
0.021302986702429822	0.9786970132975701	0.47869701329757014	1302
0.22491898722509165	0.7750810127749083	0.2750810127749083	1303
1.0	0.0	-0.5	1304
1.0	0.0	-0.5	1305
0.42539338406237914	0.5746066159376209	0.07460661593762086	1306
0.425393384062377	0.574606615937623	0.074606615937623	1307
1.0	0.0	-0.5	1308
0.9725151482860329	0.02748485171396708	-0.4725151482860329	1309
1.0	0.0	-0.5	1310
1.0	0.0	-0.5	1311
0.0274848517139692	0.9725151482860308	0.4725151482860308	1312
1.0	0.0	-0.5	1313
0.02748485171396708	0.9725151482860329	0.4725151482860329	1314
1.0	0.0	-0.5	1315
0.021302986702429822	0.9786970132975701	0.47869701329757014	1316
1.6446372650533084e-15	0.9999999999999984	0.4999999999999984	1317
1.0	0.0	-0.5	1318
1.0	0.0	-0.5	1319
1.0	0.0	-0.5	1320
0.7535079974096999	0.24649200259030013	-0.25350799740969987	1321
0.7535079974096991	0.24649200259030085	-0.2535079974096991	1322
0.24649200259030085	0.7535079974096991	0.2535079974096991	1323
1.0	0.0	-0.5	1324
1.0	0.0	-0.5	1325
1.0	0.0	-0.5	1326
0.999999999999997	2.965269484013374e-15	-0.499999999999997	1327
1.0	0.0	-0.5	1328
1.0	0.0	-0.5	1329
1.0	0.0	-0.5	1330
0.19875815259156254	0.8012418474084374	0.3012418474084374	1331
0.7190868061266397	0.2809131938733602	-0.21908680612663972	1332
0.6352654304978331	0.3647345695021668	-0.13526543049783316	1333
1.0	0.0	-0.5	1334
1.0	0.0	-0.5	1335
0.021302986702431467	0.9786970132975685	0.47869701329756853	1336
0.7750810127749099	0.22491898722509002	-0.2750810127749099	1337
0.24622197392752151	0.7537780260724785	0.25377802607247846	1338
0.9999999999999984	1.6446372650533084e-15	-0.4999999999999984	1339
0.9786970132975701	0.021302986702429822	-0.47869701329757014	1340
0.7750810127749099	0.22491898722509002	-0.2750810127749099	1341
0.2462219739275215	0.7537780260724785	0.25377802607247846	1342
0.2462219739275215	0.7537780260724785	0.25377802607247846	1343
0.9999999999999984	1.6446372650533084e-15	-0.4999999999999984	1344
1.0	0.0	-0.5	1345
0.32971433494681507	0.6702856650531849	0.1702856650531849	1346
0.6915886517556163	0.30841134824438354	-0.1915886517556164	1347
0.24622197392752151	0.7537780260724785	0.25377802607247846	1348
0.9786970132975701	0.021302986702429822	-0.47869701329757014	1349
0.9999999999999984	1.6446372650533084e-15	-0.4999999999999984	1350
0.011020713632084058	0.988979286367916	0.488979286367916	1351
1.0	0.0	-0.5	1352
0.8404489850477933	0.1595510149522066	-0.34044898504779336	1353
0.988979286367916	0.011020713632084058	-0.488979286367916	1354
0.17057172858429068	0.8294282714157093	0.3294282714157093	1355
1.0	0.0	-0.5	1356
0.5546333221719051	0.44536667782809486	-0.05463332217190511	1357
0.9786970132975685	0.021302986702431467	-0.47869701329756853	1358
0.5546333221719051	0.44536667782809486	-0.05463332217190511	1359
1.0	0.0	-0.5	1360
1.0	0.0	-0.5	1361
1.0	0.0	-0.5	1362
0.9999999999999984	1.6804355614736724e-15	-0.4999999999999984	1363
0.22981472730489028	0.7701852726951097	0.2701852726951097	1364
0.5449391673041896	0.4550608326958104	-0.04493916730418959	1365
0.0022343698549361587	0.9977656301450639	0.49776563014506386	1366
0.22494487999409823	0.7750551200059018	0.2750551200059018	1367
1.0	0.0	-0.5	1368
1.0	0.0	-0.5	1369
1.0	0.0	-0.5	1370
0.09111085096518404	0.9088891490348159	0.40888914903481594	1371
1.0	0.0	-0.5	1372
1.0	0.0	-0.5	1373
0.22467251244625888	0.775327487553741	0.2753274875537411	1374
0.9999999999999993	6.662145450535066e-16	-0.49999999999999933	1375
0.4115004603722091	0.5884995396277909	0.08849953962779089	1376
0.233199717900961	0.766800282099039	0.26680028209903905	1377
0.812742257848313	0.18725774215168708	-0.31274225784831294	1378
1.0	0.0	-0.5	1379
1.0	0.0	-0.5	1380
0.5302171024907432	0.4697828975092569	-0.030217102490743136	1381
1.0	0.0	-0.5	1382
0.9999999999999997	4.0366968069909166e-16	-0.4999999999999996	1383
0.9947712665748042	0.005228733425195802	-0.4947712665748042	1384
0.9447945284437099	0.0552054715562901	-0.4447945284437099	1385
0.8467922703775915	0.15320772962240845	-0.3467922703775915	1386
0.8467922703775915	0.15320772962240845	-0.3467922703775915	1387
0.9999999999999992	8.16996984272978e-16	-0.4999999999999992	1388
1.0	0.0	-0.5	1389
1.0	0.0	-0.5	1390
0.22626941328299086	0.7737305867170092	0.27373058671700917	1391
0.22626941328299086	0.7737305867170092	0.27373058671700917	1392
1.0	0.0	-0.5	1393
1.0	0.0	-0.5	1394
1.0	0.0	-0.5	1395
0.18308219225973776	0.8169178077402622	0.31691780774026224	1396
0.19573555698100725	0.8042644430189927	0.3042644430189927	1397
0.9999999999999999	1.6633805288629874e-16	-0.4999999999999999	1398
0.9999999999999999	1.6633805288629874e-16	-0.4999999999999999	1399
0.9978500554007053	0.002149944599294806	-0.4978500554007052	1400
0.40480518876530797	0.5951948112346922	0.09519481123469212	1401
0.7608225023123129	0.23917749768768723	-0.2608225023123128	1402
0.595194811234693	0.4048051887653071	-0.09519481123469295	1403
0.9999999999999991	8.832277878930208e-16	-0.4999999999999991	1404
0.8343723089223801	0.16562769107761985	-0.3343723089223801	1405
0.0098457100678786	0.9901542899321214	0.4901542899321214	1406
0.7535079974096999	0.24649200259030013	-0.25350799740969987	1407
1.0	0.0	-0.5	1408
1.0	0.0	-0.5	1409
0.9901542899321214	0.0098457100678786	-0.4901542899321214	1410
0.6955740483331142	0.30442595166688585	-0.19557404833311418	1411
0.7396019069001691	0.26039809309983075	-0.2396019069001692	1412
0.9972561620337996	0.0027438379662002976	-0.4972561620337997	1413
0.9456074000214377	0.05439259997856237	-0.44560740002143767	1414
1.0	0.0	-0.5	1415
1.0	0.0	-0.5	1416
1.0	0.0	-0.5	1417
0.9999999999999994	5.452083304154043e-16	-0.49999999999999944	1418
0.9929379164271115	0.007062083572888551	-0.4929379164271115	1419
1.0	0.0	-0.5	1420
0.009892524505671752	0.9901074754943282	0.4901074754943282	1421
0.6499660963545646	0.35003390364543546	-0.14996609635456457	1422
0.3599264281511065	0.6400735718488936	0.14007357184889355	1423
1.0	0.0	-0.5	1424
0.990107475494329	0.009892524505670987	-0.490107475494329	1425
0.14732897349392537	0.8526710265060746	0.3526710265060746	1426
0.9904810108916556	0.009518989108344382	-0.49048101089165563	1427
0.862190015614419	0.13780998438558098	-0.362190015614419	1428
1.0	0.0	-0.5	1429
1.0	0.0	-0.5	1430
0.021302986702429822	0.9786970132975701	0.47869701329757014	1431
1.0	0.0	-0.5	1432
0.22491898722509165	0.7750810127749083	0.2750810127749083	1433
1.0	0.0	-0.5	1434
1.0	0.0	-0.5	1435
0.021302986702431467	0.9786970132975685	0.47869701329756853	1436
0.021302986702429822	0.9786970132975701	0.47869701329757014	1437
1.0	0.0	-0.5	1438
1.0	0.0	-0.5	1439
0.9786970132975701	0.021302986702429822	-0.47869701329757014	1440
0.021302986702429822	0.9786970132975701	0.47869701329757014	1441
0.021302986702431467	0.9786970132975685	0.47869701329756853	1442
1.0	0.0	-0.5	1443
1.0	0.0	-0.5	1444
1.0	0.0	-0.5	1445
0.011020713632084058	0.988979286367916	0.488979286367916	1446
0.7130705144846978	0.2869294855153021	-0.21307051448469785	1447
1.0	0.0	-0.5	1448
0.2869294855153021	0.7130705144846978	0.21307051448469785	1449
1.0	0.0	-0.5	1450
1.0	0.0	-0.5	1451
1.0	0.0	-0.5	1452
0.9134805624265657	0.0865194375734343	-0.4134805624265657	1453
1.0	0.0	-0.5	1454
1.0	0.0	-0.5	1455
0.8008479395974832	0.19915206040251687	-0.3008479395974832	1456
0.0	1.0	0.5	1457
1.0	0.0	-0.5	1458
1.0	0.0	-0.5	1459
1.0	0.0	-0.5	1460
1.0	0.0	-0.5	1461
1.6446372650533084e-15	0.9999999999999984	0.4999999999999984	1462
0.021302986702429822	0.9786970132975701	0.47869701329757014	1463
1.0	0.0	-0.5	1464
1.0	0.0	-0.5	1465
0.24108611952905246	0.7589138804709475	0.25891388047094754	1466
0.6918659571581287	0.3081340428418713	-0.1918659571581287	1467
0.24622197392752024	0.7537780260724797	0.25377802607247973	1468
1.0	0.0	-0.5	1469
0.9791413645315846	0.020858635468415373	-0.4791413645315846	1470
0.5546333221719042	0.44536667782809586	-0.05463332217190417	1471
0.8163805202051626	0.18361947979483734	-0.3163805202051626	1472
0.2462219739275215	0.7537780260724785	0.25377802607247846	1473
0.6915886517556163	0.30841134824438354	-0.1915886517556164	1474
0.8163805202051616	0.18361947979483842	-0.3163805202051616	1475
1.0	0.0	-0.5	1476
0.06461043529050009	0.9353895647094999	0.43538956470949985	1477
0.06461043529049512	0.9353895647095049	0.43538956470950485	1478
1.0	0.0	-0.5	1479
0.9353895647095049	0.06461043529049512	-0.43538956470950485	1480
0.06461043529050009	0.9353895647094999	0.43538956470949985	1481
0.06461043529050009	0.9353895647094999	0.43538956470949985	1482
0.9999999999999951	4.988067216788129e-15	-0.49999999999999506	1483
1.0	0.0	-0.5	1484
1.0	0.0	-0.5	1485
0.6915886517556159	0.3084113482443841	-0.1915886517556159	1486
0.0	1.0	0.5	1487
0.021302986702429857	0.9786970132975701	0.47869701329757014	1488
1.0	0.0	-0.5	1489
1.0	0.0	-0.5	1490
0.5546333221719034	0.4453666778280965	-0.05463332217190345	1491
1.0	0.0	-0.5	1492
1.0	0.0	-0.5	1493
1.0	0.0	-0.5	1494
1.0	0.0	-0.5	1495
1.6446372650533084e-15	0.9999999999999984	0.4999999999999984	1496
0.7750810127749099	0.22491898722509002	-0.2750810127749099	1497
0.24622197392752151	0.7537780260724785	0.25377802607247846	1498
0.24622197392752151	0.7537780260724785	0.25377802607247846	1499
0.9999999999999984	1.6446372650533084e-15	-0.4999999999999984	1500
1.0	0.0	-0.5	1501
0.011020713632084058	0.988979286367916	0.488979286367916	1502
0.7130705144846986	0.2869294855153013	-0.21307051448469866	1503
1.0	0.0	-0.5	1504
0.011020713632083208	0.9889792863679168	0.48897928636791677	1505
0.32971433494681396	0.670285665053186	0.170285665053186	1506
0.021302986702429857	0.9786970132975701	0.47869701329757014	1507
0.24622197392752024	0.7537780260724797	0.25377802607247973	1508
0.9786970132975701	0.021302986702429857	-0.47869701329757014	1509
1.0	0.0	-0.5	1510
0.8046067009192511	0.19539329908074887	-0.3046067009192511	1511
0.8046067009192511	0.19539329908074887	-0.3046067009192511	1512
0.8046067009192511	0.19539329908074887	-0.3046067009192511	1513
0.9999999999999993	7.215427579293278e-16	-0.49999999999999933	1514
0.9013225166415025	0.0986774833584975	-0.40132251664150254	1515
0.24622197392752024	0.7537780260724797	0.25377802607247973	1516
0.9786970132975701	0.021302986702429857	-0.47869701329757014	1517
1.0	0.0	-0.5	1518
0.5546333221719043	0.4453666778280956	-0.054633322171904364	1519
1.0	0.0	-0.5	1520
1.0	0.0	-0.5	1521
0.9904810108916556	0.009518989108344382	-0.49048101089165563	1522
1.0	0.0	-0.5	1523
0.9999999999999993	7.348868227681e-16	-0.4999999999999993	1524
1.0	0.0	-0.5	1525
0.7701852726951113	0.2298147273048886	-0.27018527269511133	1526
0.22981472730489028	0.7701852726951097	0.2701852726951097	1527
0.2298147273048886	0.7701852726951113	0.27018527269511133	1528
1.0	0.0	-0.5	1529
1.0	0.0	-0.5	1530
0.25697895835625345	0.7430210416437465	0.24302104164374652	1531
1.0	0.0	-0.5	1532
0.7741752258972671	0.22582477410273283	-0.2741752258972671	1533
1.0	0.0	-0.5	1534
1.0	0.0	-0.5	1535
0.007310573236493211	0.9926894267635068	0.4926894267635068	1536
0.6568287189674041	0.3431712810325959	-0.1568287189674041	1537
0.3431712810325959	0.6568287189674041	0.1568287189674041	1538
1.0	0.0	-0.5	1539
1.0	0.0	-0.5	1540
0.35610566424682855	0.6438943357531715	0.14389433575317145	1541
0.35610566424682855	0.6438943357531715	0.14389433575317145	1542
0.9999999999999994	5.284360887428518e-16	-0.49999999999999944	1543
1.0	0.0	-0.5	1544
0.643894335753172	0.35610566424682805	-0.14389433575317198	1545
0.0	1.0	0.5	1546
1.0	0.0	-0.5	1547
1.0	0.0	-0.5	1548
1.0	0.0	-0.5	1549
2.1818588605223775e-15	0.9999999999999978	0.4999999999999978	1550
2.5928505709933037e-16	0.9999999999999998	0.4999999999999998	1551
0.845703659786902	0.1542963402130979	-0.34570365978690204	1552
1.0	0.0	-0.5	1553
0.9999999999999998	2.5928505709933037e-16	-0.4999999999999998	1554
1.0	0.0	-0.5	1555
1.0	0.0	-0.5	1556
0.9999999999999998	2.229321371979125e-16	-0.4999999999999998	1557
0.9971123599986546	0.002887640001345498	-0.49711235999865455	1558
1.0	0.0	-0.5	1559
1.0	0.0	-0.5	1560
0.42172547156369994	0.5782745284363001	0.07827452843630009	1561
1.0	0.0	-0.5	1562
0.42172547156369994	0.5782745284363001	0.07827452843630009	1563
1.0	0.0	-0.5	1564
1.0	0.0	-0.5	1565
1.6446372650533084e-15	0.9999999999999984	0.4999999999999984	1566
0.9999999999999984	1.6446372650533084e-15	-0.4999999999999984	1567
1.0	0.0	-0.5	1568
0.24622197392752151	0.7537780260724785	0.25377802607247846	1569
1.0	0.0	-0.5	1570
0.8678438614195019	0.13215613858049818	-0.36784386141950187	1571
0.8678438614195012	0.13215613858049888	-0.36784386141950115	1572
0.09637915405613101	0.903620845943869	0.40362084594386904	1573
1.0	0.0	-0.5	1574
1.0	0.0	-0.5	1575
0.0	1.0	0.5	1576
0.021302986702429857	0.9786970132975701	0.47869701329757014	1577
1.0	0.0	-0.5	1578
1.0	0.0	-0.5	1579
1.0	0.0	-0.5	1580
1.0	0.0	-0.5	1581
0.2298147273048886	0.7701852726951113	0.27018527269511133	1582
1.0	0.0	-0.5	1583
1.0	0.0	-0.5	1584
1.0	0.0	-0.5	1585
0.944294717039248	0.05570528296075191	-0.44429471703924805	1586
0.9098937652993695	0.09010623470063048	-0.4098937652993695	1587
0.9478938596193224	0.05210614038067751	-0.44789385961932243	1588
1.0	0.0	-0.5	1589
1.0	0.0	-0.5	1590
0.021302986702431467	0.9786970132975685	0.47869701329756853	1591
0.24622197392752151	0.7537780260724785	0.25377802607247846	1592
1.0	0.0	-0.5	1593
0.9999999999999984	1.6446372650533084e-15	-0.4999999999999984	1594
1.0	0.0	-0.5	1595
0.0	1.0	0.5	1596
0.038409136001798246	0.9615908639982017	0.4615908639982017	1597
1.0	0.0	-0.5	1598
1.0	0.0	-0.5	1599
1.0	0.0	-0.5	1600
1.0	0.0	-0.5	1601
0.5546333221719043	0.4453666778280956	-0.054633322171904364	1602
1.0	0.0	-0.5	1603
1.0	0.0	-0.5	1604
0.5333303354694744	0.4666696645305255	-0.03333033546947445	1605
1.0	0.0	-0.5	1606
0.9999999999999979	2.121890793280115e-15	-0.4999999999999979	1607
0.42539338406237914	0.5746066159376209	0.07460661593762086	1608
0.9725151482860329	0.02748485171396708	-0.4725151482860329	1609
1.0	0.0	-0.5	1610
1.0	0.0	-0.5	1611
0.9786970132975701	0.021302986702429857	-0.47869701329757014	1612
0.5546333221719043	0.4453666778280956	-0.054633322171904364	1613
1.0	0.0	-0.5	1614
1.0	0.0	-0.5	1615
0.14732897349392537	0.8526710265060746	0.3526710265060746	1616
0.14732897349392612	0.852671026506074	0.3526710265060739	1617
0.9904810108916556	0.009518989108344382	-0.49048101089165563	1618
0.862190015614419	0.13780998438558098	-0.362190015614419	1619
1.0	0.0	-0.5	1620
0.009518989108344382	0.9904810108916556	0.49048101089165563	1621
0.009518989108345118	0.9904810108916549	0.49048101089165486	1622
0.9904810108916556	0.009518989108344382	-0.49048101089165563	1623
1.0	0.0	-0.5	1624
1.0	0.0	-0.5	1625
1.0	0.0	-0.5	1626
0.22626941328299072	0.7737305867170093	0.27373058671700934	1627
0.22626941328299138	0.7737305867170087	0.2737305867170087	1628
0.22626941328299138	0.7737305867170087	0.2737305867170087	1629
1.0	0.0	-0.5	1630
0.32971433494681396	0.670285665053186	0.170285665053186	1631
1.0	0.0	-0.5	1632
0.24622197392752024	0.7537780260724797	0.25377802607247973	1633
0.6915886517556159	0.3084113482443841	-0.1915886517556159	1634
1.0	0.0	-0.5	1635
0.4666696645305255	0.5333303354694744	0.03333033546947445	1636
0.3084113482443841	0.6915886517556159	0.1915886517556159	1637
0.5546333221719043	0.4453666778280956	-0.054633322171904364	1638
0.5546333221719043	0.4453666778280956	-0.054633322171904364	1639
1.0	0.0	-0.5	1640
0.021302986702429822	0.9786970132975701	0.47869701329757014	1641
1.0	0.0	-0.5	1642
0.021302986702431467	0.9786970132975685	0.47869701329756853	1643
0.021302986702431467	0.9786970132975685	0.47869701329756853	1644
1.0	0.0	-0.5	1645
0.24622197392751985	0.75377802607248	0.25377802607248007	1646
0.7750810127749099	0.22491898722509002	-0.2750810127749099	1647
1.0	0.0	-0.5	1648
0.22491898722509165	0.7750810127749083	0.2750810127749083	1649
1.0	0.0	-0.5	1650
0.9999999999999993	6.662145450535066e-16	-0.49999999999999933	1651
0.8664383385189252	0.13356166148107484	-0.36643833851892516	1652
1.0	0.0	-0.5	1653
0.8750678156053392	0.1249321843946608	-0.3750678156053392	1654
0.22467251244625888	0.775327487553741	0.2753274875537411	1655
1.0	0.0	-0.5	1656
0.24622197392752151	0.7537780260724785	0.25377802607247846	1657
1.0	0.0	-0.5	1658
0.5333303354694736	0.46666966453052633	-0.03333033546947364	1659
1.0	0.0	-0.5	1660
0.7688486623972607	0.23115133760273932	-0.2688486623972607	1661
0.0	1.0	0.5	1662
1.0	0.0	-0.5	1663
1.0	0.0	-0.5	1664
1.0	0.0	-0.5	1665
2.5928505709933037e-16	0.9999999999999998	0.4999999999999998	1666
0.8811632311371176	0.11883676886288244	-0.3811632311371176	1667
0.8811632311371174	0.11883676886288269	-0.38116323113711736	1668
1.0	0.0	-0.5	1669
1.0	0.0	-0.5	1670
0.22981472730489028	0.7701852726951097	0.2701852726951097	1671
0.22981472730489028	0.7701852726951097	0.2701852726951097	1672
0.9999999999999984	1.6804355614736724e-15	-0.4999999999999984	1673
1.0	0.0	-0.5	1674
1.0	0.0	-0.5	1675
0.021302986702429822	0.9786970132975701	0.47869701329757014	1676
1.0	0.0	-0.5	1677
0.5546333221719051	0.44536667782809486	-0.05463332217190511	1678
1.0	0.0	-0.5	1679
1.0	0.0	-0.5	1680
0.021302986702431467	0.9786970132975685	0.47869701329756853	1681
0.021302986702431467	0.9786970132975685	0.47869701329756853	1682
0.021302986702431467	0.9786970132975685	0.47869701329756853	1683
1.0	0.0	-0.5	1684
0.9786970132975685	0.021302986702431467	-0.47869701329756853	1685
0.9615908639982017	0.038409136001798246	-0.4615908639982017	1686
0.4439364965727855	0.5560635034272144	0.05606350342721447	1687
1.0	0.0	-0.5	1688
1.0	0.0	-0.5	1689
1.0	0.0	-0.5	1690
0.9098937652993697	0.09010623470063023	-0.4098937652993697	1691
1.0	0.0	-0.5	1692
0.09370537728070465	0.9062946227192953	0.40629462271929534	1693
1.0	0.0	-0.5	1694
0.9478938596193224	0.052106140380677526	-0.44789385961932243	1695
0.012976741811660489	0.9870232581883396	0.4870232581883395	1696
0.012976741811659486	0.9870232581883405	0.48702325818834047	1697
1.0	0.0	-0.5	1698
0.9870232581883405	0.012976741811659486	-0.48702325818834047	1699
1.0	0.0	-0.5	1700
3.0837122055050214e-15	0.9999999999999969	0.4999999999999969	1701
1.0	0.0	-0.5	1702
0.42172547156369866	0.5782745284363014	0.0782745284363014	1703
1.0	0.0	-0.5	1704
1.0	0.0	-0.5	1705
0.961999905680047	0.03800009431995297	-0.461999905680047	1706
0.9478938596193224	0.05210614038067751	-0.44789385961932243	1707
0.04159923690002738	0.9584007630999727	0.45840076309997263	1708
1.0	0.0	-0.5	1709
0.9619999056800473	0.0380000943199527	-0.46199990568004734	1710
0.22491898722509165	0.7750810127749083	0.2750810127749083	1711
1.0	0.0	-0.5	1712
0.24622197392752151	0.7537780260724785	0.25377802607247846	1713
0.24622197392751985	0.75377802607248	0.25377802607248007	1714
1.0	0.0	-0.5	1715
1.0	0.0	-0.5	1716
0.06461043529049512	0.9353895647095049	0.43538956470950485	1717
4.988067216788129e-15	0.9999999999999951	0.49999999999999506	1718
1.0	0.0	-0.5	1719
1.0	0.0	-0.5	1720
0.00951898910834439	0.9904810108916556	0.49048101089165563	1721
1.0	0.0	-0.5	1722
0.8526710265060745	0.14732897349392549	-0.3526710265060745	1723
1.0	0.0	-0.5	1724
1.0	0.0	-0.5	1725
1.0	0.0	-0.5	1726
0.9999999999999951	4.988067216788129e-15	-0.49999999999999506	1727
1.0	0.0	-0.5	1728
1.0	0.0	-0.5	1729
1.0	0.0	-0.5	1730
0.010612968507531479	0.9893870314924685	0.48938703149246854	1731
0.010612968507531479	0.9893870314924685	0.48938703149246854	1732
8.193444301559487e-16	0.9999999999999992	0.4999999999999992	1733
0.9999999999999992	8.193444301559487e-16	-0.4999999999999992	1734
1.0	0.0	-0.5	1735
0.22491898722509165	0.7750810127749083	0.2750810127749083	1736
0.9999999999999984	1.6446372650533084e-15	-0.4999999999999984	1737
1.0	0.0	-0.5	1738
0.24622197392752151	0.7537780260724785	0.25377802607247846	1739
1.0	0.0	-0.5	1740
0.5333303354694752	0.4666696645305247	-0.033330335469475225	1741
1.0	0.0	-0.5	1742
1.0	0.0	-0.5	1743
0.5546333221719051	0.44536667782809486	-0.05463332217190511	1744
0.9999999999999984	1.6446372650533084e-15	-0.4999999999999984	1745
0.012976741811659486	0.9870232581883405	0.48702325818834047	1746
0.8629903089867196	0.13700969101328042	-0.3629903089867196	1747
0.7991540878293937	0.2008459121706063	-0.2991540878293937	1748
1.0	0.0	-0.5	1749
1.0	0.0	-0.5	1750
1.0	0.0	-0.5	1751
0.5546333221719034	0.4453666778280965	-0.05463332217190345	1752
0.9786970132975701	0.021302986702429822	-0.47869701329757014	1753
1.0	0.0	-0.5	1754
1.0	0.0	-0.5	1755
0.7750810127749099	0.22491898722509002	-0.2750810127749099	1756
0.0	1.0	0.5	1757
0.24622197392752151	0.7537780260724785	0.25377802607247846	1758
0.24622197392752151	0.7537780260724785	0.25377802607247846	1759
1.0	0.0	-0.5	1760
0.0	1.0	0.5	1761
1.6804355614736724e-15	0.9999999999999984	0.4999999999999984	1762
1.0	0.0	-0.5	1763
1.0	0.0	-0.5	1764
1.0	0.0	-0.5	1765
0.021302986702431467	0.9786970132975685	0.47869701329756853	1766
0.021302986702431467	0.9786970132975685	0.47869701329756853	1767
0.9786970132975701	0.021302986702429822	-0.47869701329757014	1768
0.9999999999999984	1.6446372650533084e-15	-0.4999999999999984	1769
1.0	0.0	-0.5	1770
1.0	0.0	-0.5	1771
1.0	0.0	-0.5	1772
0.9908715406263384	0.009128459373661562	-0.4908715406263384	1773
1.0	0.0	-0.5	1774
1.0	0.0	-0.5	1775
1.0	0.0	-0.5	1776
1.0	0.0	-0.5	1777
0.24622197392752024	0.7537780260724797	0.25377802607247973	1778
1.0	0.0	-0.5	1779
0.5546333221719043	0.4453666778280956	-0.054633322171904364	1780
0.19813616685764193	0.8018638331423581	0.3018638331423581	1781
0.6269739674600967	0.37302603253990335	-0.12697396746009668	1782
0.7363507186174298	0.26364928138257016	-0.23635071861742984	1783
0.6203078152266184	0.3796921847733817	-0.12030781522661835	1784
0.9147833999663513	0.08521660003364875	-0.4147833999663513	1785
0.9023354261491796	0.09766457385082031	-0.40233542614917966	1786
0.8778634112443844	0.12213658875561559	-0.3778634112443844	1787
0.9999999999999999	1.5699311737234753e-16	-0.4999999999999999	1788
1.0	0.0	-0.5	1789
1.0	0.0	-0.5	1790
0.4731010212275517	0.5268989787724484	0.026898978772448345	1791
0.8929786565633274	0.10702134343667268	-0.39297865656332737	1792
0.6956639403589983	0.30433605964100185	-0.1956639403589982	1793
0.8533617518647666	0.14663824813523343	-0.3533617518647666	1794
0.9999999999999998	2.2186553804761894e-16	-0.4999999999999998	1795
0.1927593916721972	0.8072406083278028	0.30724060832780276	1796
0.11187536959494693	0.8881246304050531	0.3881246304050531	1797
0.8278230546345914	0.17217694536540853	-0.32782305463459144	1798
0.9999999999999999	1.37480248664028e-16	-0.4999999999999999	1799
1.0	0.0	-0.5	1800
0.3753934934847919	0.6246065065152081	0.1246065065152081	1801
0.5417567417672762	0.45824325823272377	-0.0417567417672762	1802
0.7698642137394612	0.23013578626053877	-0.26986421373946123	1803
1.0	0.0	-0.5	1804
1.0	0.0	-0.5	1805
0.18226444068755432	0.8177355593124456	0.3177355593124456	1806
0.649635235325085	0.3503647646749149	-0.14963523532508508	1807
0.8356797835135666	0.16432021648643327	-0.3356797835135667	1808
0.8233172915786472	0.17668270842135272	-0.32331729157864725	1809
1.0	0.0	-0.5	1810
0.7984508343284986	0.2015491656715014	-0.2984508343284986	1811
0.5293402315524851	0.4706597684475149	-0.029340231552485108	1812
0.9442613232005688	0.05573867679943134	-0.4442613232005687	1813
1.0	0.0	-0.5	1814
1.0	0.0	-0.5	1815
0.6796491197091726	0.32035088029082737	-0.17964911970917263	1816
0.24985040813789786	0.7501495918621022	0.25014959186210217	1817
0.6508632101547303	0.34913678984526986	-0.1508632101547302	1818
0.8622108309036082	0.13778916909639183	-0.36221083090360817	1819
0.8622108309036082	0.13778916909639183	-0.36221083090360817	1820
0.4161623568682479	0.5838376431317521	0.08383764313175213	1821
0.3796043510757027	0.6203956489242973	0.12039564892429733	1822
0.8977440449310884	0.10225595506891158	-0.3977440449310884	1823
0.724156957702608	0.27584304229739204	-0.224156957702608	1824
1.0	0.0	-0.5	1825
0.7440014402311481	0.2559985597688519	-0.24400144023114811	1826
0.6053170159072188	0.3946829840927813	-0.10531701590721873	1827
0.8966209718863895	0.10337902811361058	-0.39662097188638945	1828
0.8946475186337435	0.10535248136625655	-0.3946475186337435	1829
1.0	0.0	-0.5	1830
0.38286838503362247	0.6171316149663776	0.11713161496637756	1831
0.5247966968046109	0.4752033031953891	-0.024796696804610913	1832
0.5114146312327844	0.4885853687672157	-0.011414631232784356	1833
0.65020995926819	0.34979004073180997	-0.15020995926819003	1834
1.0	0.0	-0.5	1835
0.7207090299786713	0.2792909700213287	-0.22070902997867128	1836
0.20308252986537698	0.796917470134623	0.296917470134623	1837
0.10531641213104427	0.8946835878689556	0.3946835878689557	1838
0.384607382152373	0.615392617847627	0.115392617847627	1839
1.0	0.0	-0.5	1840
0.7469370134830653	0.25306298651693476	-0.24693701348306527	1841
0.6503189879079115	0.34968101209208846	-0.15031898790791154	1842
0.7607011813932884	0.23929881860671162	-0.26070118139328835	1843
0.5997058443025263	0.4002941556974739	-0.09970584430252619	1844
0.890652735405145	0.10934726459485497	-0.390652735405145	1845
0.5566284389794214	0.4433715610205786	-0.05662843897942138	1846
0.6964210914425513	0.3035789085574488	-0.19642109144255124	1847
0.9247254275346486	0.0752745724653515	-0.42472542753464854	1848
1.0	0.0	-0.5	1849
1.0	0.0	-0.5	1850
0.2664660578940218	0.7335339421059782	0.23353394210597822	1851
0.9482952531428612	0.051704746857138745	-0.4482952531428612	1852
0.26320227222515014	0.7367977277748499	0.23679772777484986	1853
0.35462056776555834	0.6453794322344417	0.1453794322344417	1854
0.9262857529559243	0.0737142470440756	-0.42628575295592436	1855
0.10225062972843382	0.8977493702715662	0.3977493702715662	1856
0.8541392842683699	0.1458607157316301	-0.35413928426836994	1857
0.3940651080521424	0.6059348919478575	0.10593489194785757	1858
0.5973162804859915	0.40268371951400844	-0.09731628048599153	1859
1.0	0.0	-0.5	1860
0.8449862789329655	0.15501372106703448	-0.3449862789329655	1861
0.8449862789329655	0.15501372106703448	-0.3449862789329655	1862
0.7572681913627234	0.24273180863727656	-0.2572681913627234	1863
0.9999999999999997	3.120049750173006e-16	-0.49999999999999967	1864
1.0	0.0	-0.5	1865
0.30149593781739975	0.6985040621826003	0.19850406218260028	1866
0.41530706890684627	0.5846929310931537	0.0846929310931537	1867
0.30149593781739975	0.6985040621826003	0.19850406218260028	1868
1.0	0.0	-0.5	1869
1.0	0.0	-0.5	1870
0.7212395822673543	0.2787604177326456	-0.22123958226735435	1871
0.8632701681250223	0.13672983187497775	-0.3632701681250223	1872
0.7662183605233114	0.23378163947668862	-0.2662183605233114	1873
0.9999999999999998	1.9593629044119562e-16	-0.4999999999999998	1874
1.0	0.0	-0.5	1875
0.11201906570953364	0.8879809342904664	0.3879809342904664	1876
0.33692481588823664	0.6630751841117634	0.16307518411176336	1877
0.8908272048262543	0.10917279517374574	-0.39082720482625427	1878
0.8908272048262543	0.10917279517374574	-0.39082720482625427	1879
0.9971537294642124	0.00284627053578767	-0.4971537294642124	1880
0.300720048957434	0.699279951042566	0.19927995104256602	1881
0.44191762144290964	0.5580823785570904	0.05808237855709039	1882
0.7117694889674023	0.28823051103259756	-0.2117694889674024	1883
0.4932744691513847	0.5067255308486154	0.006725530848615352	1884
1.0	0.0	-0.5	1885
0.4084529409230227	0.5915470590769772	0.09154705907697727	1886
0.8560392265606319	0.14396077343936806	-0.3560392265606319	1887
0.8849151422752098	0.11508485772479017	-0.38491514227520984	1888
0.9673717614457658	0.03262823855423422	-0.46737176144576575	1889
1.0	0.0	-0.5	1890
0.21302510604588637	0.7869748939541136	0.2869748939541136	1891
0.7053971972896819	0.29460280271031813	-0.20539719728968187	1892
0.8121536663024865	0.18784633369751347	-0.31215366630248653	1893
0.9989332233306326	0.0010667766693674135	-0.4989332233306326	1894
1.0	0.0	-0.5	1895
0.7471189665568861	0.2528810334431138	-0.24711896655688617	1896
0.896597101606944	0.10340289839305612	-0.3965971016069439	1897
0.3871224025997778	0.6128775974002222	0.11287759740022218	1898
0.9598012650036422	0.040198734996357864	-0.45980126500364216	1899
1.0	0.0	-0.5	1900
0.4211647067386606	0.5788352932613395	0.07883529326133948	1901
0.4546890749675102	0.5453109250324898	0.04531092503248979	1902
0.5788352932613395	0.4211647067386606	-0.07883529326133948	1903
0.7659661772316221	0.23403382276837786	-0.2659661772316221	1904
0.8332157328131925	0.16678426718680742	-0.33321573281319256	1905
0.34350861632595064	0.6564913836740492	0.1564913836740493	1906
0.8917621653366321	0.10823783466336796	-0.39176216533663205	1907
0.7612536498122924	0.23874635018770765	-0.2612536498122924	1908
0.8760035592563583	0.12399644074364168	-0.3760035592563583	1909
1.0	0.0	-0.5	1910
0.34365482579531237	0.6563451742046877	0.1563451742046877	1911
0.19106348847603685	0.8089365115239632	0.3089365115239632	1912
0.5359885612711454	0.46401143872885464	-0.03598856127114536	1913
0.8474086626807248	0.15259133731927513	-0.34740866268072484	1914
1.0	0.0	-0.5	1915
0.43051294601779916	0.5694870539822008	0.06948705398220081	1916
0.22388572598449483	0.7761142740155051	0.27611427401550515	1917
0.8872218566510707	0.11277814334892926	-0.38722185665107073	1918
1.0	0.0	-0.5	1919
1.0	0.0	-0.5	1920
0.5343405407008605	0.4656594592991396	-0.03434054070086043	1921
0.7419663500310981	0.2580336499689018	-0.24196635003109815	1922
0.7419663500310982	0.25803364996890166	-0.2419663500310983	1923
0.8676448663316012	0.13235513366839885	-0.3676448663316012	1924
1.0	0.0	-0.5	1925
0.3465563126112294	0.6534436873887706	0.1534436873887706	1926
0.5437963471562408	0.45620365284375924	-0.043796347156240784	1927
0.7734938757599259	0.22650612424007396	-0.27349387575992595	1928
0.9113947724758084	0.08860522752419174	-0.4113947724758083	1929
1.0	0.0	-0.5	1930
0.5976087755179699	0.4023912244820302	-0.09760877551796984	1931
0.5831831293358204	0.41681687066417966	-0.08318312933582037	1932
0.4283046689188252	0.5716953310811749	0.07169533108117485	1933
0.8451215395830048	0.15487846041699516	-0.34512153958300484	1934
1.0	0.0	-0.5	1935
0.26451499956607144	0.7354850004339285	0.23548500043392853	1936
0.3667272960236321	0.6332727039763679	0.13327270397636792	1937
0.5298883371253073	0.4701116628746928	-0.029888337125307224	1938
0.6055520375847366	0.39444796241526336	-0.10555203758473664	1939
0.9999999999999998	2.1189592113519145e-16	-0.4999999999999998	1940
0.9034740594787309	0.09652594052126914	-0.4034740594787309	1941
0.43208058814044986	0.5679194118595502	0.06791941185955017	1942
0.36396205570759294	0.6360379442924071	0.1360379442924071	1943
0.6544702930377976	0.3455297069622024	-0.15447029303779758	1944
0.7359396716302988	0.2640603283697011	-0.23593967163029886	1945
0.5702310637669825	0.42976893623301743	-0.07023106376698254	1946
0.8135036769374069	0.186496323062593	-0.31350367693740694	1947
0.8135036769374072	0.18649632306259276	-0.3135036769374072	1948
0.7760170262435887	0.2239829737564113	-0.2760170262435887	1949
0.7760170262435887	0.2239829737564113	-0.2760170262435887	1950
0.9093884481998408	0.09061155180015931	-0.4093884481998407	1951
0.9093884481998408	0.09061155180015931	-0.4093884481998407	1952
0.8714460753877558	0.12855392461224413	-0.3714460753877558	1953
0.9066720682277011	0.09332793177229894	-0.4066720682277011	1954
1.0	0.0	-0.5	1955
0.10331279131663233	0.8966872086833676	0.39668720868336765	1956
0.21249696340858956	0.7875030365914105	0.28750303659141047	1957
0.7902772758696199	0.20972272413038015	-0.2902772758696199	1958
0.8966872086833678	0.10331279131663211	-0.3966872086833679	1959
1.0	0.0	-0.5	1960
1.4789370788817163e-16	0.9999999999999999	0.4999999999999999	1961
0.2618675511967755	0.7381324488032245	0.23813244880322448	1962
0.7381324488032246	0.26186755119677535	-0.23813244880322462	1963
0.9999999999999999	1.4789370788817163e-16	-0.4999999999999999	1964
1.0	0.0	-0.5	1965
0.6086082979975471	0.39139170200245293	-0.10860829799754709	1966
0.32732311786948287	0.6726768821305171	0.17267688213051713	1967
0.7652197851456679	0.23478021485433206	-0.2652197851456679	1968
0.8274209601063529	0.17257903989364712	-0.3274209601063529	1969
1.0	0.0	-0.5	1970
0.7222302612580621	0.2777697387419379	-0.2222302612580621	1971
0.8873785462785019	0.11262145372149812	-0.3873785462785019	1972
0.854560275692766	0.14543972430723384	-0.3545602756927661	1973
0.8973997461649177	0.10260025383508235	-0.3973997461649177	1974
1.0	0.0	-0.5	1975
0.17883851761061195	0.8211614823893881	0.3211614823893881	1976
0.4903302470234882	0.5096697529765117	0.009669752976511764	1977
0.641920819836471	0.3580791801635291	-0.14192081983647095	1978
0.803861675310807	0.196138324689193	-0.303861675310807	1979
1.0	0.0	-0.5	1980
0.5309265869941178	0.4690734130058822	-0.030926586994117794	1981
0.7489407685248953	0.25105923147510456	-0.24894076852489538	1982
0.8656124013994619	0.1343875986005382	-0.3656124013994619	1983
0.9999999999999998	2.276024941953886e-16	-0.4999999999999998	1984
1.0	0.0	-0.5	1985
0.38107407546626126	0.6189259245337387	0.11892592453373874	1986
0.7635729115960507	0.23642708840394933	-0.2635729115960507	1987
0.7699069256473828	0.23009307435261706	-0.2699069256473829	1988
0.8979469170237684	0.10205308297623161	-0.3979469170237684	1989
1.0	0.0	-0.5	1990
0.2833150406457159	0.7166849593542841	0.2166849593542841	1991
0.2797086456814217	0.7202913543185784	0.22029135431857835	1992
0.5508695296650171	0.4491304703349829	-0.05086952966501712	1993
0.7525628133302459	0.2474371866697541	-0.2525628133302459	1994
0.8527457073709571	0.14725429262904285	-0.3527457073709571	1995
0.26233546170099376	0.7376645382990062	0.23766453829900624	1996
0.40800277312369204	0.591997226876308	0.09199722687630796	1997
0.29650552236584227	0.7034944776341577	0.20349447763415773	1998
0.8854261179778908	0.11457388202210925	-0.3854261179778908	1999
1.0	0.0	-0.5	2000
0.8474152207654674	0.1525847792345326	-0.3474152207654674	2001
0.32261471947492304	0.677385280525077	0.17738528052507696	2002
0.5612029122986938	0.43879708770130615	-0.06120291229869382	2003
0.44367052624933706	0.5563294737506629	0.05632947375066291	2004
0.8299700597596097	0.17002994024039028	-0.3299700597596097	2005
0.7094176336997503	0.2905823663002497	-0.2094176336997503	2006
0.43269389430551136	0.5673061056944886	0.06730610569448861	2007
0.4298140160472906	0.5701859839527094	0.07018598395270939	2008
0.277543759378406	0.722456240621594	0.222456240621594	2009
0.8144438328005916	0.18555616719940837	-0.3144438328005916	2010
0.7247100891525724	0.27528991084742765	-0.22471008915257237	2011
0.5919552351830792	0.4080447648169207	-0.09195523518307927	2012
0.45053802854374914	0.5494619714562509	0.049461971456250864	2013
0.6331552946532281	0.3668447053467718	-0.13315529465322812	2014
0.8247518823036785	0.17524811769632154	-0.32475188230367846	2015
0.47423475747871	0.5257652425212901	0.025765242521290033	2016
0.6188656101865248	0.3811343898134753	-0.11886561018652472	2017
0.2442292867936722	0.7557707132063278	0.2557707132063278	2018
0.9018465252536768	0.0981534747463232	-0.4018465252536768	2019
0.5815219957501842	0.41847800424981596	-0.0815219957501841	2020
0.20033512834789619	0.7996648716521038	0.29966487165210376	2021
0.14094652288104206	0.8590534771189579	0.3590534771189579	2022
0.9309618431263861	0.06903815687361396	-0.4309618431263861	2023
1.0	0.0	-0.5	2024
1.0	0.0	-0.5	2025
0.3439748673771098	0.6560251326228903	0.15602513262289025	2026
0.4238482234443366	0.5761517765556634	0.07615177655566341	2027
0.7388604621218141	0.2611395378781858	-0.23886046212181417	2028
0.26805013572222547	0.7319498642777745	0.23194986427777453	2029
0.9999999999999994	5.335133001236606e-16	-0.49999999999999944	2030
0.25180619998909765	0.7481938000109023	0.24819380001090233	2031
0.6478038856524038	0.3521961143475961	-0.14780388565240382	2032
0.6553267340807244	0.3446732659192756	-0.1553267340807244	2033
0.9972990944888639	0.002700905511136186	-0.49729909448886384	2034
1.0	0.0	-0.5	2035
0.2164972294636706	0.7835027705363294	0.28350277053632944	2036
0.5848725273462326	0.4151274726537674	-0.0848725273462326	2037
0.5848725273462326	0.4151274726537674	-0.0848725273462326	2038
0.4197311453377065	0.5802688546622936	0.08026885466229355	2039
0.9999999999999997	3.554136214735549e-16	-0.49999999999999967	2040
